2016 01 01 03 12
2016 01 01 05 18
2016 01 01 06 55
2016 01 01 08 00
2016 01 01 08 07
2016 01 01 08 13
2016 01 01 08 25
2016 01 01 10 14
2016 01 01 10 50
2016 01 01 11 58
2016 01 01 14 08
2016 01 01 16 32
2016 01 01 18 01
2016 01 01 20 34
2016 01 01 20 44
2016 01 01 21 00
2016 01 01 22 44
2016 01 02 00 53
2016 01 02 05 46
2016 01 02 07 15
2016 01 02 08 26
2016 01 02 10 09
2016 01 02 10 44
2016 01 02 14 09
2016 01 02 16 46
2016 01 02 16 53
2016 01 02 17 42
2016 01 02 17 57
2016 01 02 19 25
2016 01 02 21 36
2016 01 02 21 39
2016 01 03 01 19
2016 01 03 05 22
2016 01 03 05 27
2016 01 03 08 10
2016 01 03 09 31
2016 01 03 09 41
2016 01 03 10 22
2016 01 03 11 47
2016 01 03 12 18
2016 01 03 14 28
2016 01 03 14 29
2016 01 03 15 28
2016 01 03 15 37
2016 01 03 17 01
2016 01 03 17 18
2016 01 03 19 17
2016 01 03 19 18
2016 01 03 21 48
2016 01 03 21 50
2016 01 03 22 42
2016 01 04 00 51
2016 01 04 02 26
2016 01 04 03 17
2016 01 04 06 31
2016 01 04 07 37
2016 01 04 08 14
2016 01 04 09 38
2016 01 04 12 22
2016 01 04 13 44
2016 01 04 14 08
2016 01 04 16 53
2016 01 04 17 24
2016 01 04 18 09
2016 01 04 18 44
2016 01 04 19 39
2016 01 04 19 55
2016 01 05 00 03
2016 01 05 00 11
2016 01 05 01 18
2016 01 05 01 52
2016 01 05 02 03
2016 01 05 03 00
2016 01 05 03 59
2016 01 05 04 51
2016 01 05 06 35
2016 01 05 07 17
2016 01 05 07 50
2016 01 05 08 54
2016 01 05 09 46
2016 01 05 11 00
2016 01 05 11 08
2016 01 05 11 33
2016 01 05 12 22
2016 01 05 13 06
2016 01 05 14 26
2016 01 05 16 10
2016 01 05 16 53
2016 01 05 18 44
2016 01 05 18 45
2016 01 05 18 57
2016 01 05 20 46
2016 01 05 21 47
2016 01 05 22 28
2016 01 05 22 29
2016 01 06 01 14
2016 01 06 03 16
2016 01 06 04 35
2016 01 06 12 07
2016 01 06 12 55
2016 01 06 13 06
2016 01 06 18 31
2016 01 06 20 36
2016 01 06 22 27
2016 01 07 04 46
2016 01 07 06 27
2016 01 07 08 58
2016 01 07 09 13
2016 01 07 10 31
2016 01 07 11 05
2016 01 07 11 23
2016 01 07 14 04
2016 01 07 21 53
2016 01 08 00 08
2016 01 08 01 26
2016 01 08 03 56
2016 01 08 06 10
2016 01 08 10 45
2016 01 08 10 48
2016 01 08 10 58
2016 01 08 11 51
2016 01 08 13 43
2016 01 08 14 08
2016 01 08 16 30
2016 01 08 18 56
2016 01 08 19 30
2016 01 08 20 53
2016 01 08 21 07
2016 01 08 21 17
2016 01 08 22 04
2016 01 08 23 24
2016 01 09 01 17
2016 01 09 03 52
2016 01 09 03 53
2016 01 09 04 34
2016 01 09 04 43
2016 01 09 05 33
2016 01 09 07 14
2016 01 09 08 24
2016 01 09 19 30
2016 01 09 19 37
2016 01 09 19 57
2016 01 09 20 26
2016 01 09 22 02
2016 01 09 22 06
2016 01 09 22 35
2016 01 09 22 55
2016 01 10 00 28
2016 01 10 01 45
2016 01 10 03 29
2016 01 10 04 17
2016 01 10 05 21
2016 01 10 06 17
2016 01 10 06 26
2016 01 10 07 11
2016 01 10 07 16
2016 01 10 07 24
2016 01 10 10 10
2016 01 10 12 09
2016 01 10 13 29
2016 01 10 15 12
2016 01 10 19 07
2016 01 11 02 39
2016 01 11 04 21
2016 01 11 06 46
2016 01 11 07 21
2016 01 11 08 00
2016 01 11 10 49
2016 01 11 12 03
2016 01 11 14 36
2016 01 11 17 53
2016 01 11 20 24
2016 01 11 20 44
2016 01 11 21 29
2016 01 11 21 33
2016 01 11 23 07
2016 01 12 00 20
2016 01 12 00 25
2016 01 12 01 58
2016 01 12 02 25
2016 01 12 02 57
2016 01 12 03 42
2016 01 12 07 35
2016 01 12 10 07
2016 01 12 10 23
2016 01 12 11 02
2016 01 12 11 06
2016 01 12 11 17
2016 01 12 11 28
2016 01 12 11 57
2016 01 12 15 07
2016 01 12 16 58
2016 01 12 17 19
2016 01 12 17 37
2016 01 12 17 41
2016 01 12 18 36
2016 01 12 18 51
2016 01 12 19 28
2016 01 12 21 25
2016 01 12 22 28
2016 01 13 01 37
2016 01 13 04 05
2016 01 13 04 40
2016 01 13 04 57
2016 01 13 06 45
2016 01 13 06 56
2016 01 13 07 42
2016 01 13 08 06
2016 01 13 09 13
2016 01 13 09 30
2016 01 13 09 40
2016 01 13 13 56
2016 01 13 15 52
2016 01 13 18 09
2016 01 13 20 06
2016 01 13 22 04
2016 01 14 00 14
2016 01 14 02 41
2016 01 14 03 58
2016 01 14 04 02
2016 01 14 04 47
2016 01 14 13 09
2016 01 14 13 37
2016 01 14 13 55
2016 01 14 18 32
2016 01 14 18 58
2016 01 14 22 04
2016 01 15 06 20
2016 01 15 06 32
2016 01 15 06 34
2016 01 15 07 37
2016 01 15 11 53
2016 01 15 13 08
2016 01 15 13 13
2016 01 15 13 52
2016 01 15 14 35
2016 01 15 16 02
2016 01 15 17 09
2016 01 15 18 23
2016 01 15 18 27
2016 01 15 19 17
2016 01 15 21 19
2016 01 15 21 20
2016 01 15 23 10
2016 01 15 23 39
2016 01 16 00 58
2016 01 16 04 52
2016 01 16 05 01
2016 01 16 06 39
2016 01 16 09 39
2016 01 16 10 05
2016 01 16 10 22
2016 01 16 12 31
2016 01 16 17 19
2016 01 16 19 00
2016 01 16 19 24
2016 01 17 00 51
2016 01 17 01 00
2016 01 17 05 18
2016 01 17 07 32
2016 01 17 08 38
2016 01 17 09 39
2016 01 17 11 40
2016 01 17 14 25
2016 01 17 14 38
2016 01 17 16 05
2016 01 17 17 44
2016 01 17 22 46
2016 01 17 23 58
2016 01 18 02 47
2016 01 18 05 23
2016 01 18 06 23
2016 01 18 09 57
2016 01 18 11 12
2016 01 18 13 54
2016 01 18 16 16
2016 01 18 16 50
2016 01 18 19 50
2016 01 18 20 50
2016 01 18 22 44
2016 01 18 23 36
2016 01 19 02 41
2016 01 19 03 18
2016 01 19 03 36
2016 01 19 04 47
2016 01 19 09 03
2016 01 19 11 39
2016 01 19 11 46
2016 01 19 14 47
2016 01 19 15 22
2016 01 19 16 15
2016 01 19 19 51
2016 01 19 20 07
2016 01 19 20 21
2016 01 19 22 07
2016 01 20 01 23
2016 01 20 02 55
2016 01 20 03 05
2016 01 20 03 37
2016 01 20 03 51
2016 01 20 04 57
2016 01 20 07 28
2016 01 20 07 51
2016 01 20 09 01
2016 01 20 09 51
2016 01 20 12 03
2016 01 20 14 44
2016 01 20 15 36
2016 01 20 15 48
2016 01 20 16 26
2016 01 20 18 10
2016 01 20 19 22
2016 01 20 21 30
2016 01 20 22 04
2016 01 20 22 53
2016 01 21 00 56
2016 01 21 06 55
2016 01 21 07 05
2016 01 21 07 32
2016 01 21 10 51
2016 01 21 12 36
2016 01 21 15 17
2016 01 21 17 57
2016 01 21 19 33
2016 01 21 23 25
2016 01 22 06 00
2016 01 22 06 43
2016 01 22 07 00
2016 01 22 08 25
2016 01 22 16 22
2016 01 22 17 24
2016 01 22 19 20
2016 01 23 00 11
2016 01 23 02 02
2016 01 23 02 39
2016 01 23 02 54
2016 01 23 03 35
2016 01 23 04 11
2016 01 23 04 30
2016 01 23 10 04
2016 01 23 12 16
2016 01 23 12 49
2016 01 23 13 24
2016 01 23 17 35
2016 01 23 18 42
2016 01 23 19 11
2016 01 23 20 21
2016 01 23 21 24
2016 01 23 22 25
2016 01 23 22 35
2016 01 24 03 33
2016 01 24 06 53
2016 01 24 08 06
2016 01 24 09 41
2016 01 24 11 08
2016 01 24 11 43
2016 01 24 12 47
2016 01 24 13 41
2016 01 24 14 51
2016 01 24 19 52
2016 01 24 21 20
2016 01 25 01 04
2016 01 25 03 29
2016 01 25 03 47
2016 01 25 05 28
2016 01 25 05 56
2016 01 25 06 04
2016 01 25 07 12
2016 01 25 07 22
2016 01 25 08 33
2016 01 25 08 54
2016 01 25 09 44
2016 01 25 10 58
2016 01 25 12 13
2016 01 25 17 42
2016 01 25 21 33
2016 01 25 23 48
2016 01 26 00 28
2016 01 26 00 31
2016 01 26 01 03
2016 01 26 02 33
2016 01 26 02 55
2016 01 26 03 08
2016 01 26 04 13
2016 01 26 05 48
2016 01 26 06 57
2016 01 26 07 58
2016 01 26 09 20
2016 01 26 09 55
2016 01 26 10 28
2016 01 26 11 01
2016 01 26 13 47
2016 01 26 15 22
2016 01 26 17 41
2016 01 26 21 48
2016 01 26 21 54
2016 01 27 00 46
2016 01 27 05 40
2016 01 27 06 26
2016 01 27 06 32
2016 01 27 06 37
2016 01 27 06 39
2016 01 27 06 42
2016 01 27 07 07
2016 01 27 08 17
2016 01 27 08 50
2016 01 27 09 17
2016 01 27 09 36
2016 01 27 11 37
2016 01 27 11 43
2016 01 27 12 07
2016 01 27 12 29
2016 01 27 15 17
2016 01 27 15 22
2016 01 27 16 32
2016 01 27 17 08
2016 01 27 18 58
2016 01 27 20 50
2016 01 27 23 20
2016 01 27 23 23
2016 01 28 01 57
2016 01 28 03 27
2016 01 28 03 45
2016 01 28 03 52
2016 01 28 07 35
2016 01 28 07 41
2016 01 28 07 46
2016 01 28 09 21
2016 01 28 10 05
2016 01 28 11 11
2016 01 28 12 22
2016 01 28 13 18
2016 01 28 21 36
2016 01 28 23 33
2016 02 01 00 03
2016 02 01 01 37
2016 02 01 06 27
2016 02 01 08 49
2016 02 01 09 43
2016 02 01 10 33
2016 02 01 11 26
2016 02 01 13 14
2016 02 01 13 30
2016 02 01 14 03
2016 02 01 19 07
2016 02 01 22 58
2016 02 02 00 10
2016 02 02 00 16
2016 02 02 01 25
2016 02 02 03 31
2016 02 02 04 00
2016 02 02 05 27
2016 02 02 08 41
2016 02 02 08 43
2016 02 02 10 46
2016 02 02 12 13
2016 02 02 13 23
2016 02 02 21 18
2016 02 02 21 32
2016 02 03 00 32
2016 02 03 06 07
2016 02 03 08 35
2016 02 03 09 15
2016 02 03 10 41
2016 02 03 10 52
2016 02 03 11 33
2016 02 03 15 59
2016 02 03 18 01
2016 02 03 19 28
2016 02 03 21 20
2016 02 03 21 21
2016 02 03 21 23
2016 02 03 22 34
2016 02 03 23 17
2016 02 04 00 30
2016 02 04 00 49
2016 02 04 04 38
2016 02 04 05 27
2016 02 04 13 05
2016 02 04 13 13
2016 02 04 13 17
2016 02 04 15 22
2016 02 04 16 22
2016 02 04 18 01
2016 02 04 18 54
2016 02 04 21 07
2016 02 04 21 36
2016 02 04 22 30
2016 02 04 23 30
2016 02 05 01 08
2016 02 05 02 48
2016 02 05 03 41
2016 02 05 05 38
2016 02 05 05 44
2016 02 05 05 49
2016 02 05 08 12
2016 02 05 08 25
2016 02 05 11 30
2016 02 05 11 31
2016 02 05 12 40
2016 02 05 14 22
2016 02 05 16 11
2016 02 05 16 40
2016 02 05 18 20
2016 02 05 19 19
2016 02 05 20 18
2016 02 05 22 26
2016 02 05 22 39
2016 02 05 22 57
2016 02 05 23 14
2016 02 05 23 23
2016 02 05 23 25
2016 02 06 01 16
2016 02 06 01 21
2016 02 06 01 45
2016 02 06 02 38
2016 02 06 02 48
2016 02 06 03 50
2016 02 06 06 53
2016 02 06 09 42
2016 02 06 10 00
2016 02 06 15 19
2016 02 06 16 39
2016 02 06 17 54
2016 02 06 17 58
2016 02 06 18 43
2016 02 06 19 12
2016 02 07 04 23
2016 02 07 04 45
2016 02 07 06 08
2016 02 07 06 13
2016 02 07 06 13
2016 02 07 06 41
2016 02 07 06 51
2016 02 07 11 17
2016 02 07 11 25
2016 02 07 11 59
2016 02 07 14 24
2016 02 07 14 57
2016 02 07 16 51
2016 02 07 17 26
2016 02 07 18 50
2016 02 07 19 29
2016 02 07 23 07
2016 02 08 01 06
2016 02 08 03 09
2016 02 08 03 27
2016 02 08 05 05
2016 02 08 06 56
2016 02 08 11 49
2016 02 08 12 35
2016 02 08 13 13
2016 02 08 13 29
2016 02 08 14 39
2016 02 08 15 30
2016 02 08 18 14
2016 02 08 22 45
2016 02 08 23 32
2016 02 09 00 23
2016 02 09 06 00
2016 02 09 07 12
2016 02 09 08 23
2016 02 09 11 41
2016 02 09 13 30
2016 02 09 13 37
2016 02 09 13 54
2016 02 09 15 13
2016 02 09 16 11
2016 02 09 21 13
2016 02 09 21 38
2016 02 10 00 31
2016 02 10 01 47
2016 02 10 03 07
2016 02 10 03 53
2016 02 10 04 10
2016 02 10 04 12
2016 02 10 06 08
2016 02 10 07 30
2016 02 10 09 59
2016 02 10 14 07
2016 02 10 14 15
2016 02 10 15 19
2016 02 10 20 31
2016 02 10 20 42
2016 02 10 21 56
2016 02 11 00 31
2016 02 11 01 14
2016 02 11 01 58
2016 02 11 04 03
2016 02 11 04 08
2016 02 11 05 40
2016 02 11 07 26
2016 02 11 09 00
2016 02 11 09 49
2016 02 11 13 07
2016 02 11 13 42
2016 02 11 14 11
2016 02 11 17 46
2016 02 11 21 21
2016 02 12 01 32
2016 02 12 02 58
2016 02 12 08 56
2016 02 12 10 28
2016 02 12 16 37
2016 02 12 18 05
2016 02 12 18 16
2016 02 12 19 00
2016 02 12 19 42
2016 02 12 23 03
2016 02 13 01 23
2016 02 13 02 25
2016 02 13 03 02
2016 02 13 03 07
2016 02 13 05 20
2016 02 13 06 52
2016 02 13 06 56
2016 02 13 09 46
2016 02 13 10 43
2016 02 13 11 00
2016 02 13 11 28
2016 02 13 15 57
2016 02 13 17 37
2016 02 13 20 34
2016 02 13 20 44
2016 02 13 23 56
2016 02 14 00 07
2016 02 14 01 39
2016 02 14 09 20
2016 02 14 09 33
2016 02 14 10 23
2016 02 14 11 25
2016 02 14 13 44
2016 02 14 14 07
2016 02 14 16 37
2016 02 14 16 49
2016 02 14 17 22
2016 02 14 18 57
2016 02 14 19 06
2016 02 14 21 52
2016 02 14 22 55
2016 02 15 02 00
2016 02 15 05 26
2016 02 15 05 48
2016 02 15 06 04
2016 02 15 08 07
2016 02 15 09 19
2016 02 15 09 45
2016 02 15 12 09
2016 02 15 14 34
2016 02 15 14 45
2016 02 15 15 47
2016 02 15 19 00
2016 02 15 19 56
2016 02 15 23 56
2016 02 16 03 06
2016 02 16 06 51
2016 02 16 12 17
2016 02 16 12 21
2016 02 16 12 34
2016 02 16 14 47
2016 02 16 16 46
2016 02 16 22 56
2016 02 16 23 23
2016 02 17 00 44
2016 02 17 02 06
2016 02 17 07 51
2016 02 17 13 25
2016 02 17 17 26
2016 02 17 18 43
2016 02 17 21 36
2016 02 17 23 06
2016 02 18 02 37
2016 02 18 04 38
2016 02 18 07 49
2016 02 18 08 54
2016 02 18 09 42
2016 02 18 09 53
2016 02 18 10 19
2016 02 18 11 12
2016 02 18 16 58
2016 02 18 17 25
2016 02 18 20 14
2016 02 18 20 16
2016 02 19 01 06
2016 02 19 02 38
2016 02 19 02 56
2016 02 19 06 55
2016 02 19 08 08
2016 02 19 12 27
2016 02 19 14 04
2016 02 19 20 17
2016 02 19 20 39
2016 02 19 21 32
2016 02 19 22 43
2016 02 20 00 56
2016 02 20 03 12
2016 02 20 03 32
2016 02 20 04 34
2016 02 20 04 42
2016 02 20 05 04
2016 02 20 05 51
2016 02 20 13 39
2016 02 20 15 43
2016 02 20 16 39
2016 02 20 17 59
2016 02 20 18 09
2016 02 20 18 44
2016 02 21 02 55
2016 02 21 06 21
2016 02 21 07 10
2016 02 21 07 14
2016 02 21 10 58
2016 02 21 11 01
2016 02 21 13 41
2016 02 21 15 29
2016 02 21 22 56
2016 02 22 02 33
2016 02 22 03 54
2016 02 22 04 49
2016 02 22 07 24
2016 02 22 09 27
2016 02 22 14 56
2016 02 22 15 22
2016 02 22 16 38
2016 02 22 17 04
2016 02 22 18 24
2016 02 22 22 24
2016 02 23 00 31
2016 02 23 01 46
2016 02 23 02 29
2016 02 23 07 41
2016 02 23 07 47
2016 02 23 07 51
2016 02 23 10 33
2016 02 23 15 33
2016 02 23 16 00
2016 02 23 23 04
2016 02 24 02 29
2016 02 24 03 40
2016 02 24 10 05
2016 02 24 12 40
2016 02 24 13 54
2016 02 24 15 05
2016 02 24 19 31
2016 02 24 19 47
2016 02 24 22 11
2016 02 24 23 04
2016 02 25 02 01
2016 02 25 02 09
2016 02 25 03 00
2016 02 25 03 56
2016 02 25 04 06
2016 02 25 07 37
2016 02 25 08 58
2016 02 25 09 52
2016 02 25 12 43
2016 02 25 14 01
2016 02 25 19 03
2016 02 26 01 32
2016 02 26 02 49
2016 02 26 06 34
2016 02 26 09 06
2016 02 26 09 39
2016 02 26 16 28
2016 02 26 22 46
2016 02 27 00 27
2016 02 27 02 22
2016 02 27 02 39
2016 02 27 05 38
2016 02 27 06 10
2016 02 27 06 50
2016 02 27 08 36
2016 02 27 09 55
2016 02 27 13 43
2016 02 27 14 54
2016 02 27 15 41
2016 02 27 18 07
2016 02 27 18 55
2016 02 27 21 51
2016 02 27 21 54
2016 02 27 22 11
2016 02 27 22 24
2016 02 27 22 42
2016 02 27 23 14
2016 02 27 23 44
2016 02 28 00 03
2016 02 28 00 22
2016 02 28 01 33
2016 02 28 05 53
2016 02 28 08 39
2016 02 28 12 53
2016 02 28 13 53
2016 02 28 14 42
2016 02 28 16 16
2016 02 28 19 17
2016 03 01 00 18
2016 03 01 03 34
2016 03 01 07 57
2016 03 01 10 30
2016 03 01 13 25
2016 03 01 14 46
2016 03 01 16 32
2016 03 01 21 12
2016 03 01 22 35
2016 03 02 02 24
2016 03 02 02 27
2016 03 02 06 21
2016 03 02 07 39
2016 03 02 07 58
2016 03 02 12 42
2016 03 02 14 00
2016 03 02 15 10
2016 03 02 18 14
2016 03 02 18 59
2016 03 02 21 30
2016 03 02 22 06
2016 03 02 22 29
2016 03 02 23 03
2016 03 02 23 04
2016 03 03 00 14
2016 03 03 03 08
2016 03 03 03 12
2016 03 03 11 28
2016 03 03 12 59
2016 03 03 15 52
2016 03 03 18 41
2016 03 03 20 08
2016 03 04 01 15
2016 03 04 06 00
2016 03 04 08 38
2016 03 04 09 13
2016 03 04 14 31
2016 03 04 16 36
2016 03 04 22 48
2016 03 05 00 20
2016 03 05 01 43
2016 03 05 03 39
2016 03 05 08 01
2016 03 05 08 08
2016 03 05 08 51
2016 03 05 09 33
2016 03 05 09 42
2016 03 05 10 11
2016 03 05 10 54
2016 03 05 15 06
2016 03 05 16 43
2016 03 05 17 30
2016 03 05 17 41
2016 03 05 19 50
2016 03 05 21 05
2016 03 05 22 00
2016 03 05 22 14
2016 03 06 01 41
2016 03 06 02 19
2016 03 06 02 52
2016 03 06 05 25
2016 03 06 06 33
2016 03 06 07 18
2016 03 06 08 11
2016 03 06 09 35
2016 03 06 10 29
2016 03 06 11 07
2016 03 06 12 17
2016 03 06 14 52
2016 03 06 15 33
2016 03 06 16 39
2016 03 06 20 32
2016 03 07 00 23
2016 03 07 00 31
2016 03 07 00 34
2016 03 07 02 37
2016 03 07 05 32
2016 03 07 06 22
2016 03 07 06 48
2016 03 07 08 37
2016 03 07 11 32
2016 03 07 14 11
2016 03 07 14 26
2016 03 07 15 02
2016 03 07 17 14
2016 03 07 17 33
2016 03 07 19 25
2016 03 07 20 31
2016 03 07 21 58
2016 03 08 00 03
2016 03 08 00 16
2016 03 08 01 26
2016 03 08 02 01
2016 03 08 02 19
2016 03 08 04 12
2016 03 08 04 21
2016 03 08 04 50
2016 03 08 07 50
2016 03 08 08 36
2016 03 08 09 36
2016 03 08 10 50
2016 03 08 11 02
2016 03 08 11 14
2016 03 08 11 30
2016 03 08 13 14
2016 03 08 13 35
2016 03 08 13 39
2016 03 08 15 10
2016 03 08 16 46
2016 03 08 19 16
2016 03 08 20 41
2016 03 08 23 30
2016 03 09 01 12
2016 03 09 01 30
2016 03 09 02 20
2016 03 09 02 37
2016 03 09 02 56
2016 03 09 03 23
2016 03 09 04 49
2016 03 09 05 23
2016 03 09 05 27
2016 03 09 06 22
2016 03 09 09 48
2016 03 09 10 24
2016 03 09 14 19
2016 03 09 15 41
2016 03 09 18 41
2016 03 09 20 11
2016 03 09 21 00
2016 03 09 23 49
2016 03 10 01 29
2016 03 10 02 12
2016 03 10 04 33
2016 03 10 10 24
2016 03 10 11 22
2016 03 10 14 46
2016 03 10 14 51
2016 03 10 16 15
2016 03 10 17 23
2016 03 10 18 04
2016 03 10 19 01
2016 03 10 21 11
2016 03 10 23 36
2016 03 11 01 19
2016 03 11 01 38
2016 03 11 04 54
2016 03 11 05 29
2016 03 11 06 26
2016 03 11 07 40
2016 03 11 07 46
2016 03 11 07 59
2016 03 11 09 32
2016 03 11 09 36
2016 03 11 09 53
2016 03 11 11 54
2016 03 11 12 39
2016 03 11 15 10
2016 03 11 17 01
2016 03 11 18 31
2016 03 11 18 38
2016 03 12 01 54
2016 03 12 02 42
2016 03 12 03 12
2016 03 12 04 54
2016 03 12 11 01
2016 03 12 14 31
2016 03 12 14 39
2016 03 12 16 53
2016 03 12 18 35
2016 03 12 21 12
2016 03 12 23 13
2016 03 12 23 33
2016 03 13 00 59
2016 03 13 06 20
2016 03 13 07 43
2016 03 13 09 00
2016 03 13 10 43
2016 03 13 14 05
2016 03 13 14 06
2016 03 13 15 03
2016 03 13 17 52
2016 03 13 18 20
2016 03 13 18 36
2016 03 13 20 44
2016 03 14 00 16
2016 03 14 01 54
2016 03 14 03 02
2016 03 14 03 14
2016 03 14 05 42
2016 03 14 07 21
2016 03 14 14 29
2016 03 14 16 02
2016 03 14 16 11
2016 03 14 18 30
2016 03 14 19 36
2016 03 14 19 59
2016 03 14 20 13
2016 03 14 21 19
2016 03 14 22 39
2016 03 14 23 12
2016 03 15 00 11
2016 03 15 10 41
2016 03 15 12 47
2016 03 15 13 12
2016 03 15 13 36
2016 03 15 13 45
2016 03 15 14 31
2016 03 15 14 31
2016 03 15 19 00
2016 03 15 21 45
2016 03 15 21 49
2016 03 16 01 36
2016 03 16 04 37
2016 03 16 05 52
2016 03 16 06 30
2016 03 16 08 18
2016 03 16 09 00
2016 03 16 23 58
2016 03 17 00 47
2016 03 17 01 53
2016 03 17 07 37
2016 03 17 08 29
2016 03 17 08 33
2016 03 17 10 33
2016 03 17 14 46
2016 03 17 17 45
2016 03 17 19 38
2016 03 17 20 09
2016 03 17 21 42
2016 03 17 22 22
2016 03 18 00 59
2016 03 18 01 49
2016 03 18 02 05
2016 03 18 03 18
2016 03 18 04 03
2016 03 18 04 41
2016 03 18 05 33
2016 03 18 05 42
2016 03 18 12 46
2016 03 18 13 37
2016 03 18 14 45
2016 03 18 21 08
2016 03 18 22 14
2016 03 19 00 04
2016 03 19 02 06
2016 03 19 03 16
2016 03 19 03 48
2016 03 19 04 54
2016 03 19 10 16
2016 03 19 10 59
2016 03 19 11 48
2016 03 19 11 59
2016 03 19 15 54
2016 03 19 20 14
2016 03 19 20 24
2016 03 19 20 43
2016 03 19 21 12
2016 03 19 22 35
2016 03 19 23 20
2016 03 20 00 40
2016 03 20 01 43
2016 03 20 02 11
2016 03 20 04 57
2016 03 20 05 41
2016 03 20 06 08
2016 03 20 06 36
2016 03 20 09 46
2016 03 20 09 47
2016 03 20 11 12
2016 03 20 11 29
2016 03 20 11 49
2016 03 20 12 21
2016 03 20 12 35
2016 03 20 14 42
2016 03 20 15 47
2016 03 20 16 26
2016 03 20 20 46
2016 03 20 22 35
2016 03 20 22 53
2016 03 20 22 57
2016 03 20 23 22
2016 03 21 07 53
2016 03 21 11 52
2016 03 21 17 07
2016 03 21 17 34
2016 03 21 17 39
2016 03 22 01 48
2016 03 22 03 49
2016 03 22 04 03
2016 03 22 05 26
2016 03 22 05 32
2016 03 22 05 35
2016 03 22 07 22
2016 03 22 07 47
2016 03 22 07 47
2016 03 22 10 19
2016 03 22 10 27
2016 03 22 12 32
2016 03 22 14 05
2016 03 22 17 16
2016 03 22 23 40
2016 03 23 02 17
2016 03 23 03 57
2016 03 23 06 50
2016 03 23 11 14
2016 03 23 11 36
2016 03 23 12 00
2016 03 23 12 06
2016 03 23 14 45
2016 03 23 15 19
2016 03 23 18 23
2016 03 23 18 35
2016 03 23 20 45
2016 03 23 21 45
2016 03 23 23 48
2016 03 24 04 56
2016 03 24 08 02
2016 03 24 08 23
2016 03 24 11 58
2016 03 24 12 28
2016 03 24 16 13
2016 03 24 16 51
2016 03 24 17 54
2016 03 24 18 57
2016 03 24 20 19
2016 03 24 22 27
2016 03 25 01 03
2016 03 25 02 33
2016 03 25 03 28
2016 03 25 05 45
2016 03 25 06 16
2016 03 25 06 19
2016 03 25 06 56
2016 03 25 07 35
2016 03 25 08 09
2016 03 25 11 18
2016 03 25 11 57
2016 03 25 12 37
2016 03 25 13 03
2016 03 25 15 44
2016 03 25 17 34
2016 03 25 18 35
2016 03 25 23 55
2016 03 26 00 23
2016 03 26 02 34
2016 03 26 03 02
2016 03 26 04 46
2016 03 26 06 16
2016 03 26 07 37
2016 03 26 08 41
2016 03 26 08 54
2016 03 26 09 14
2016 03 26 11 03
2016 03 26 11 54
2016 03 26 15 13
2016 03 26 16 45
2016 03 26 17 59
2016 03 26 20 53
2016 03 26 20 56
2016 03 26 23 28
2016 03 26 23 54
2016 03 27 00 33
2016 03 27 04 06
2016 03 27 05 44
2016 03 27 06 19
2016 03 27 08 31
2016 03 27 11 28
2016 03 27 11 54
2016 03 27 12 08
2016 03 27 15 39
2016 03 27 15 41
2016 03 27 16 19
2016 03 27 17 47
2016 03 27 19 01
2016 03 27 21 33
2016 03 27 22 55
2016 03 28 05 28
2016 03 28 06 36
2016 03 28 07 18
2016 03 28 07 42
2016 03 28 08 49
2016 03 28 09 26
2016 03 28 09 46
2016 03 28 12 23
2016 03 28 13 47
2016 03 28 15 46
2016 03 28 16 25
2016 03 28 17 41
2016 03 28 23 09
2016 03 28 23 54
2016 04 01 01 19
2016 04 01 03 24
2016 04 01 04 27
2016 04 01 04 34
2016 04 01 04 40
2016 04 01 07 09
2016 04 01 08 23
2016 04 01 10 06
2016 04 01 10 34
2016 04 01 12 13
2016 04 01 12 35
2016 04 01 14 05
2016 04 01 15 50
2016 04 01 21 10
2016 04 01 21 59
2016 04 02 02 24
2016 04 02 05 32
2016 04 02 05 51
2016 04 02 06 29
2016 04 02 07 24
2016 04 02 22 09
2016 04 03 00 36
2016 04 03 02 50
2016 04 03 10 07
2016 04 03 10 37
2016 04 03 11 48
2016 04 03 12 29
2016 04 03 14 30
2016 04 03 14 39
2016 04 03 17 52
2016 04 03 18 13
2016 04 03 20 02
2016 04 03 20 52
2016 04 03 20 59
2016 04 03 22 20
2016 04 03 23 31
2016 04 04 00 15
2016 04 04 04 39
2016 04 04 07 56
2016 04 04 09 52
2016 04 04 12 52
2016 04 04 13 08
2016 04 04 13 45
2016 04 04 17 50
2016 04 04 19 01
2016 04 04 20 27
2016 04 04 21 00
2016 04 04 21 41
2016 04 05 02 03
2016 04 05 02 05
2016 04 05 04 28
2016 04 05 08 30
2016 04 05 09 09
2016 04 05 10 37
2016 04 05 10 56
2016 04 05 12 44
2016 04 05 12 58
2016 04 05 13 45
2016 04 05 13 46
2016 04 05 13 49
2016 04 05 14 13
2016 04 05 19 06
2016 04 05 19 23
2016 04 05 19 37
2016 04 05 21 27
2016 04 05 23 43
2016 04 06 00 40
2016 04 06 02 20
2016 04 06 04 01
2016 04 06 04 14
2016 04 06 04 17
2016 04 06 04 45
2016 04 06 07 13
2016 04 06 07 59
2016 04 06 09 02
2016 04 06 09 16
2016 04 06 11 16
2016 04 06 12 26
2016 04 06 15 23
2016 04 06 19 35
2016 04 06 21 59
2016 04 06 22 05
2016 04 06 22 31
2016 04 06 23 06
2016 04 07 01 03
2016 04 07 01 15
2016 04 07 01 32
2016 04 07 02 29
2016 04 07 02 38
2016 04 07 10 36
2016 04 07 12 04
2016 04 07 12 54
2016 04 07 12 57
2016 04 07 13 38
2016 04 07 13 57
2016 04 07 22 30
2016 04 07 23 20
2016 04 08 00 09
2016 04 08 01 22
2016 04 08 01 42
2016 04 08 04 46
2016 04 08 04 50
2016 04 08 08 25
2016 04 08 09 07
2016 04 08 10 09
2016 04 08 10 24
2016 04 08 10 32
2016 04 08 13 07
2016 04 08 13 25
2016 04 08 16 18
2016 04 08 17 03
2016 04 08 18 30
2016 04 08 20 05
2016 04 08 21 09
2016 04 09 02 45
2016 04 09 03 58
2016 04 09 07 27
2016 04 09 10 50
2016 04 09 11 23
2016 04 09 12 02
2016 04 09 12 20
2016 04 09 16 05
2016 04 09 16 58
2016 04 09 18 14
2016 04 09 18 31
2016 04 09 20 04
2016 04 10 06 49
2016 04 10 06 59
2016 04 10 08 10
2016 04 10 08 41
2016 04 10 09 14
2016 04 10 09 29
2016 04 10 13 57
2016 04 10 16 07
2016 04 10 21 34
2016 04 10 22 47
2016 04 10 23 29
2016 04 11 02 42
2016 04 11 04 44
2016 04 11 11 30
2016 04 11 12 33
2016 04 11 16 04
2016 04 11 20 56
2016 04 12 01 25
2016 04 12 04 24
2016 04 12 04 49
2016 04 12 05 17
2016 04 12 13 10
2016 04 12 14 31
2016 04 12 16 06
2016 04 12 16 57
2016 04 12 17 51
2016 04 12 18 08
2016 04 13 03 50
2016 04 13 04 31
2016 04 13 06 05
2016 04 13 08 31
2016 04 13 09 36
2016 04 13 13 26
2016 04 13 14 22
2016 04 13 15 17
2016 04 13 19 18
2016 04 13 19 48
2016 04 14 01 02
2016 04 14 01 59
2016 04 14 03 44
2016 04 14 03 57
2016 04 14 05 37
2016 04 14 11 14
2016 04 14 11 59
2016 04 14 12 36
2016 04 14 16 26
2016 04 14 17 16
2016 04 14 17 25
2016 04 14 18 41
2016 04 14 19 29
2016 04 14 19 47
2016 04 14 20 04
2016 04 14 20 52
2016 04 14 22 31
2016 04 14 23 03
2016 04 15 01 32
2016 04 15 03 21
2016 04 15 04 49
2016 04 15 07 01
2016 04 15 09 30
2016 04 15 11 04
2016 04 15 11 44
2016 04 15 15 11
2016 04 15 20 27
2016 04 15 21 09
2016 04 15 21 15
2016 04 15 21 17
2016 04 16 02 01
2016 04 16 02 39
2016 04 16 03 29
2016 04 16 04 10
2016 04 16 04 31
2016 04 16 11 41
2016 04 16 12 09
2016 04 16 12 39
2016 04 16 13 03
2016 04 16 14 47
2016 04 16 14 49
2016 04 16 15 31
2016 04 16 16 53
2016 04 16 18 00
2016 04 16 18 12
2016 04 16 19 59
2016 04 16 22 48
2016 04 16 23 32
2016 04 16 23 42
2016 04 17 01 30
2016 04 17 02 15
2016 04 17 02 20
2016 04 17 05 21
2016 04 17 05 35
2016 04 17 05 38
2016 04 17 06 47
2016 04 17 09 59
2016 04 17 10 06
2016 04 17 12 05
2016 04 17 12 58
2016 04 17 14 10
2016 04 17 15 00
2016 04 17 17 15
2016 04 17 17 57
2016 04 17 18 25
2016 04 17 19 34
2016 04 17 20 22
2016 04 17 20 28
2016 04 17 22 17
2016 04 18 00 44
2016 04 18 04 33
2016 04 18 06 24
2016 04 18 07 19
2016 04 18 09 42
2016 04 18 10 22
2016 04 18 10 52
2016 04 18 16 04
2016 04 18 16 26
2016 04 18 17 05
2016 04 18 22 07
2016 04 19 03 43
2016 04 19 04 23
2016 04 19 05 29
2016 04 19 08 20
2016 04 19 09 43
2016 04 19 12 00
2016 04 19 13 03
2016 04 19 13 51
2016 04 19 17 01
2016 04 19 19 59
2016 04 19 23 09
2016 04 19 23 27
2016 04 20 00 10
2016 04 20 00 44
2016 04 20 00 52
2016 04 20 02 15
2016 04 20 12 57
2016 04 20 13 02
2016 04 20 14 20
2016 04 20 15 19
2016 04 20 16 02
2016 04 20 16 07
2016 04 20 16 45
2016 04 20 17 13
2016 04 20 17 18
2016 04 20 23 33
2016 04 21 02 47
2016 04 21 02 54
2016 04 21 06 11
2016 04 21 06 34
2016 04 21 07 58
2016 04 21 11 04
2016 04 21 12 33
2016 04 21 14 08
2016 04 21 15 50
2016 04 21 22 27
2016 04 22 00 25
2016 04 22 02 53
2016 04 22 03 10
2016 04 22 04 14
2016 04 22 09 33
2016 04 22 14 59
2016 04 22 19 06
2016 04 22 20 45
2016 04 22 22 25
2016 04 23 00 44
2016 04 23 00 58
2016 04 23 01 51
2016 04 23 02 17
2016 04 23 05 11
2016 04 23 05 53
2016 04 23 06 49
2016 04 23 16 29
2016 04 23 23 58
2016 04 23 23 59
2016 04 24 00 37
2016 04 24 01 32
2016 04 24 04 19
2016 04 24 05 46
2016 04 24 06 36
2016 04 24 07 53
2016 04 24 09 14
2016 04 24 13 48
2016 04 24 14 50
2016 04 24 15 59
2016 04 24 19 04
2016 04 24 21 16
2016 04 24 23 31
2016 04 24 23 52
2016 04 25 00 33
2016 04 25 01 21
2016 04 25 02 10
2016 04 25 02 52
2016 04 25 03 07
2016 04 25 05 10
2016 04 25 05 30
2016 04 25 07 52
2016 04 25 15 12
2016 04 25 15 52
2016 04 25 16 17
2016 04 25 16 46
2016 04 25 18 11
2016 04 25 18 40
2016 04 25 21 43
2016 04 25 23 55
2016 04 26 02 06
2016 04 26 02 30
2016 04 26 06 10
2016 04 26 06 44
2016 04 26 09 22
2016 04 26 11 12
2016 04 26 13 05
2016 04 26 13 22
2016 04 26 15 37
2016 04 26 17 02
2016 04 26 17 08
2016 04 26 17 09
2016 04 26 17 33
2016 04 26 20 54
2016 04 26 21 05
2016 04 26 21 30
2016 04 26 22 45
2016 04 26 23 15
2016 04 27 04 13
2016 04 27 04 13
2016 04 27 04 21
2016 04 27 07 07
2016 04 27 11 35
2016 04 27 12 29
2016 04 27 12 54
2016 04 27 13 14
2016 04 27 17 16
2016 04 27 19 04
2016 04 27 22 52
2016 04 28 00 47
2016 04 28 02 14
2016 04 28 02 54
2016 04 28 03 15
2016 04 28 03 19
2016 04 28 04 01
2016 04 28 04 04
2016 04 28 06 33
2016 04 28 06 43
2016 04 28 08 10
2016 04 28 08 13
2016 04 28 08 58
2016 04 28 10 05
2016 04 28 10 44
2016 04 28 11 51
2016 04 28 13 02
2016 04 28 14 23
2016 04 28 15 25
2016 04 28 16 18
2016 04 28 19 26
2016 04 28 20 02
2016 05 01 04 35
2016 05 01 05 55
2016 05 01 07 32
2016 05 01 08 12
2016 05 01 11 12
2016 05 01 15 26
2016 05 01 15 33
2016 05 01 15 42
2016 05 01 15 48
2016 05 02 00 35
2016 05 02 02 32
2016 05 02 06 49
2016 05 02 07 42
2016 05 02 10 39
2016 05 02 10 55
2016 05 02 16 46
2016 05 02 17 44
2016 05 02 19 58
2016 05 02 20 32
2016 05 03 00 51
2016 05 03 09 00
2016 05 03 10 00
2016 05 03 10 24
2016 05 03 12 07
2016 05 03 12 51
2016 05 03 13 01
2016 05 03 13 24
2016 05 03 15 54
2016 05 03 17 12
2016 05 03 18 09
2016 05 03 19 13
2016 05 03 19 45
2016 05 03 20 55
2016 05 03 20 56
2016 05 03 21 58
2016 05 04 01 39
2016 05 04 04 14
2016 05 04 05 37
2016 05 04 05 45
2016 05 04 06 12
2016 05 04 06 58
2016 05 04 08 40
2016 05 04 11 03
2016 05 04 12 18
2016 05 04 17 35
2016 05 04 18 44
2016 05 04 19 02
2016 05 04 19 55
2016 05 04 21 03
2016 05 04 22 48
2016 05 05 01 38
2016 05 05 01 49
2016 05 05 08 18
2016 05 05 10 07
2016 05 05 10 53
2016 05 05 11 39
2016 05 05 11 41
2016 05 05 12 59
2016 05 05 13 18
2016 05 05 15 56
2016 05 05 16 38
2016 05 05 18 35
2016 05 05 18 39
2016 05 05 19 13
2016 05 05 19 56
2016 05 05 21 59
2016 05 05 22 58
2016 05 05 23 27
2016 05 06 01 24
2016 05 06 01 28
2016 05 06 01 50
2016 05 06 04 20
2016 05 06 04 33
2016 05 06 07 38
2016 05 06 08 54
2016 05 06 09 51
2016 05 06 09 56
2016 05 06 10 20
2016 05 06 11 47
2016 05 06 12 42
2016 05 06 19 42
2016 05 06 20 09
2016 05 07 05 04
2016 05 07 05 23
2016 05 07 07 33
2016 05 07 08 10
2016 05 07 08 43
2016 05 07 10 03
2016 05 07 11 07
2016 05 07 13 09
2016 05 07 13 56
2016 05 07 14 00
2016 05 07 19 30
2016 05 07 19 40
2016 05 07 22 12
2016 05 08 00 43
2016 05 08 01 46
2016 05 08 02 08
2016 05 08 04 50
2016 05 08 05 45
2016 05 08 08 23
2016 05 08 09 09
2016 05 08 12 40
2016 05 08 13 02
2016 05 08 14 08
2016 05 08 15 18
2016 05 08 15 19
2016 05 08 17 21
2016 05 08 18 56
2016 05 08 18 57
2016 05 08 22 22
2016 05 09 00 01
2016 05 09 13 31
2016 05 09 14 13
2016 05 09 14 36
2016 05 10 01 08
2016 05 10 02 06
2016 05 10 04 15
2016 05 10 06 09
2016 05 10 06 27
2016 05 10 10 29
2016 05 10 12 10
2016 05 10 13 56
2016 05 10 14 52
2016 05 10 15 59
2016 05 10 16 32
2016 05 10 17 39
2016 05 10 18 43
2016 05 10 19 51
2016 05 10 22 41
2016 05 10 22 43
2016 05 11 04 19
2016 05 11 10 06
2016 05 11 14 14
2016 05 11 14 43
2016 05 11 16 23
2016 05 11 19 38
2016 05 11 19 56
2016 05 11 21 32
2016 05 12 00 42
2016 05 12 03 45
2016 05 12 04 03
2016 05 12 04 47
2016 05 12 06 28
2016 05 12 10 03
2016 05 12 12 33
2016 05 12 12 39
2016 05 12 14 12
2016 05 12 16 02
2016 05 12 18 43
2016 05 12 19 17
2016 05 12 20 28
2016 05 12 21 15
2016 05 12 23 06
2016 05 12 23 23
2016 05 12 23 54
2016 05 13 02 27
2016 05 13 08 26
2016 05 13 09 06
2016 05 13 13 42
2016 05 13 19 01
2016 05 13 19 24
2016 05 13 22 56
2016 05 14 00 28
2016 05 14 02 17
2016 05 14 06 46
2016 05 14 07 40
2016 05 14 09 27
2016 05 14 09 45
2016 05 14 09 52
2016 05 14 10 40
2016 05 14 11 38
2016 05 14 14 02
2016 05 14 14 10
2016 05 14 21 05
2016 05 14 21 51
2016 05 15 01 03
2016 05 15 01 24
2016 05 15 02 42
2016 05 15 02 56
2016 05 15 11 01
2016 05 15 13 58
2016 05 15 16 56
2016 05 15 17 23
2016 05 15 20 18
2016 05 15 21 21
2016 05 15 21 41
2016 05 15 22 15
2016 05 15 22 34
2016 05 15 23 53
2016 05 16 00 34
2016 05 16 05 22
2016 05 16 07 44
2016 05 16 09 01
2016 05 16 09 09
2016 05 16 09 59
2016 05 16 11 08
2016 05 16 12 51
2016 05 16 13 55
2016 05 16 13 55
2016 05 16 14 28
2016 05 16 14 56
2016 05 16 16 33
2016 05 16 18 57
2016 05 16 19 04
2016 05 16 20 34
2016 05 16 22 30
2016 05 17 02 34
2016 05 17 04 55
2016 05 17 05 55
2016 05 17 10 51
2016 05 17 14 34
2016 05 17 15 13
2016 05 17 15 15
2016 05 17 16 24
2016 05 17 17 03
2016 05 17 17 43
2016 05 17 21 39
2016 05 18 04 15
2016 05 18 06 56
2016 05 18 07 37
2016 05 18 13 34
2016 05 18 14 00
2016 05 18 15 01
2016 05 18 19 00
2016 05 18 21 22
2016 05 19 04 27
2016 05 19 09 42
2016 05 19 09 55
2016 05 19 11 01
2016 05 19 11 39
2016 05 19 16 34
2016 05 19 19 17
2016 05 19 21 50
2016 05 19 22 21
2016 05 19 23 29
2016 05 20 00 14
2016 05 20 00 23
2016 05 20 02 36
2016 05 20 04 31
2016 05 20 06 23
2016 05 20 07 36
2016 05 20 09 21
2016 05 20 09 48
2016 05 20 13 11
2016 05 20 15 50
2016 05 20 16 03
2016 05 20 17 17
2016 05 20 17 44
2016 05 20 19 37
2016 05 21 00 19
2016 05 21 00 30
2016 05 21 05 15
2016 05 21 05 57
2016 05 21 10 29
2016 05 21 22 19
2016 05 22 02 41
2016 05 22 03 37
2016 05 22 04 11
2016 05 22 06 30
2016 05 22 10 34
2016 05 22 11 28
2016 05 22 13 18
2016 05 22 13 34
2016 05 22 14 12
2016 05 22 14 33
2016 05 22 15 02
2016 05 22 15 42
2016 05 22 21 39
2016 05 22 22 04
2016 05 22 23 38
2016 05 23 02 13
2016 05 23 03 08
2016 05 23 05 41
2016 05 23 16 40
2016 05 23 17 25
2016 05 23 18 17
2016 05 23 19 53
2016 05 24 00 54
2016 05 24 05 12
2016 05 24 05 32
2016 05 24 09 57
2016 05 24 10 35
2016 05 24 12 11
2016 05 24 12 35
2016 05 24 12 57
2016 05 24 14 33
2016 05 24 15 08
2016 05 24 15 21
2016 05 24 16 28
2016 05 24 19 18
2016 05 24 19 23
2016 05 24 20 18
2016 05 24 21 16
2016 05 25 00 25
2016 05 25 07 44
2016 05 25 09 14
2016 05 25 10 24
2016 05 25 10 24
2016 05 25 13 35
2016 05 25 15 24
2016 05 25 17 31
2016 05 25 19 03
2016 05 25 21 02
2016 05 25 22 17
2016 05 25 22 51
2016 05 25 23 35
2016 05 25 23 43
2016 05 26 04 38
2016 05 26 06 42
2016 05 26 11 32
2016 05 26 12 08
2016 05 26 13 36
2016 05 26 16 51
2016 05 26 17 32
2016 05 26 20 31
2016 05 26 21 51
2016 05 26 23 38
2016 05 26 23 50
2016 05 27 00 35
2016 05 27 03 20
2016 05 27 04 12
2016 05 27 04 38
2016 05 27 08 50
2016 05 27 09 10
2016 05 27 09 26
2016 05 27 11 29
2016 05 27 17 11
2016 05 28 03 00
2016 05 28 04 59
2016 05 28 07 48
2016 05 28 09 56
2016 05 28 10 47
2016 05 28 11 32
2016 05 28 12 43
2016 05 28 13 30
2016 05 28 14 05
2016 05 28 17 22
2016 05 28 20 52
2016 05 28 20 57
2016 05 28 21 52
2016 06 01 01 47
2016 06 01 02 41
2016 06 01 06 07
2016 06 01 07 09
2016 06 01 10 39
2016 06 01 14 19
2016 06 01 15 57
2016 06 01 16 07
2016 06 01 18 47
2016 06 01 19 01
2016 06 02 00 32
2016 06 02 03 40
2016 06 02 05 04
2016 06 02 05 15
2016 06 02 05 43
2016 06 02 10 20
2016 06 02 15 58
2016 06 02 17 29
2016 06 02 20 46
2016 06 02 21 31
2016 06 02 22 23
2016 06 02 22 33
2016 06 02 23 23
2016 06 03 02 56
2016 06 03 03 47
2016 06 03 04 50
2016 06 03 06 43
2016 06 03 08 29
2016 06 03 10 40
2016 06 03 11 30
2016 06 03 13 53
2016 06 03 15 01
2016 06 03 15 02
2016 06 03 18 49
2016 06 03 19 00
2016 06 03 19 02
2016 06 04 02 47
2016 06 04 06 06
2016 06 04 06 35
2016 06 04 13 32
2016 06 04 19 38
2016 06 04 22 43
2016 06 05 00 18
2016 06 05 02 03
2016 06 05 03 31
2016 06 05 05 25
2016 06 05 05 45
2016 06 05 05 50
2016 06 05 06 07
2016 06 05 07 42
2016 06 05 08 22
2016 06 05 10 53
2016 06 05 16 46
2016 06 05 22 58
2016 06 06 01 57
2016 06 06 02 28
2016 06 06 03 37
2016 06 06 03 53
2016 06 06 04 49
2016 06 06 05 59
2016 06 06 06 19
2016 06 06 08 13
2016 06 06 08 41
2016 06 06 12 48
2016 06 06 13 55
2016 06 06 14 23
2016 06 06 15 22
2016 06 06 19 38
2016 06 06 20 31
2016 06 06 21 09
2016 06 06 21 46
2016 06 06 23 25
2016 06 07 01 46
2016 06 07 02 44
2016 06 07 04 28
2016 06 07 04 49
2016 06 07 05 59
2016 06 07 06 16
2016 06 07 07 04
2016 06 07 07 17
2016 06 07 09 55
2016 06 07 11 31
2016 06 07 11 52
2016 06 07 11 56
2016 06 07 12 47
2016 06 07 12 48
2016 06 07 14 11
2016 06 07 21 32
2016 06 07 22 14
2016 06 07 22 23
2016 06 08 02 38
2016 06 08 04 29
2016 06 08 05 01
2016 06 08 05 58
2016 06 08 13 23
2016 06 08 13 38
2016 06 08 18 00
2016 06 08 19 31
2016 06 08 19 56
2016 06 08 20 25
2016 06 08 21 39
2016 06 08 22 07
2016 06 09 03 56
2016 06 09 04 57
2016 06 09 08 30
2016 06 09 09 13
2016 06 09 09 29
2016 06 09 12 58
2016 06 09 13 36
2016 06 09 13 58
2016 06 09 16 22
2016 06 09 18 31
2016 06 09 18 43
2016 06 09 19 50
2016 06 09 23 33
2016 06 10 02 11
2016 06 10 10 13
2016 06 10 10 28
2016 06 10 10 37
2016 06 10 12 25
2016 06 10 12 27
2016 06 10 14 33
2016 06 10 14 54
2016 06 10 18 51
2016 06 10 19 18
2016 06 11 03 36
2016 06 11 04 53
2016 06 11 06 23
2016 06 11 07 05
2016 06 11 07 46
2016 06 11 09 43
2016 06 11 14 19
2016 06 11 14 43
2016 06 11 15 06
2016 06 11 17 38
2016 06 11 17 43
2016 06 11 19 33
2016 06 11 19 42
2016 06 12 00 37
2016 06 12 00 48
2016 06 12 00 56
2016 06 12 02 01
2016 06 12 04 15
2016 06 12 06 44
2016 06 12 06 49
2016 06 12 07 11
2016 06 12 07 43
2016 06 12 07 50
2016 06 12 10 03
2016 06 12 12 06
2016 06 12 12 34
2016 06 12 13 49
2016 06 12 15 28
2016 06 12 16 04
2016 06 12 17 26
2016 06 12 20 48
2016 06 13 00 52
2016 06 13 01 11
2016 06 13 01 58
2016 06 13 02 15
2016 06 13 02 54
2016 06 13 03 03
2016 06 13 05 49
2016 06 13 08 29
2016 06 13 10 20
2016 06 13 12 05
2016 06 13 12 46
2016 06 13 12 59
2016 06 13 18 15
2016 06 13 19 04
2016 06 13 22 33
2016 06 13 22 45
2016 06 14 01 21
2016 06 14 01 26
2016 06 14 03 00
2016 06 14 04 12
2016 06 14 04 43
2016 06 14 05 52
2016 06 14 10 01
2016 06 14 11 42
2016 06 14 11 46
2016 06 14 16 10
2016 06 14 19 14
2016 06 14 21 30
2016 06 14 21 34
2016 06 15 04 01
2016 06 15 05 26
2016 06 15 06 09
2016 06 15 07 12
2016 06 15 10 23
2016 06 15 11 28
2016 06 15 13 44
2016 06 15 16 14
2016 06 15 17 31
2016 06 15 18 22
2016 06 15 23 17
2016 06 15 23 18
2016 06 16 02 47
2016 06 16 08 53
2016 06 16 09 48
2016 06 16 09 51
2016 06 16 10 32
2016 06 16 15 35
2016 06 16 18 29
2016 06 16 19 36
2016 06 16 20 33
2016 06 16 21 58
2016 06 17 00 24
2016 06 17 01 57
2016 06 17 02 32
2016 06 17 04 38
2016 06 17 07 02
2016 06 17 07 28
2016 06 17 09 07
2016 06 17 12 05
2016 06 17 15 31
2016 06 17 15 42
2016 06 17 19 22
2016 06 17 20 41
2016 06 17 21 07
2016 06 17 21 23
2016 06 17 21 33
2016 06 17 22 29
2016 06 17 22 37
2016 06 17 22 51
2016 06 17 23 39
2016 06 18 02 34
2016 06 18 02 55
2016 06 18 06 53
2016 06 18 07 58
2016 06 18 11 13
2016 06 18 11 13
2016 06 18 14 12
2016 06 18 19 28
2016 06 18 20 49
2016 06 18 21 30
2016 06 18 23 25
2016 06 19 02 44
2016 06 19 03 56
2016 06 19 04 35
2016 06 19 05 30
2016 06 19 08 37
2016 06 19 08 50
2016 06 19 09 06
2016 06 19 10 23
2016 06 19 10 50
2016 06 19 12 37
2016 06 19 13 03
2016 06 19 16 06
2016 06 19 16 59
2016 06 19 17 32
2016 06 19 22 07
2016 06 20 00 24
2016 06 20 00 48
2016 06 20 01 46
2016 06 20 03 50
2016 06 20 08 30
2016 06 20 12 53
2016 06 20 16 36
2016 06 20 18 23
2016 06 20 19 09
2016 06 20 19 23
2016 06 20 20 15
2016 06 21 02 19
2016 06 21 03 03
2016 06 21 03 10
2016 06 21 06 38
2016 06 21 06 43
2016 06 21 07 28
2016 06 21 07 47
2016 06 21 12 31
2016 06 21 13 15
2016 06 21 15 04
2016 06 21 19 01
2016 06 21 22 03
2016 06 22 00 01
2016 06 22 00 01
2016 06 22 01 47
2016 06 22 02 43
2016 06 22 02 43
2016 06 22 04 20
2016 06 22 05 24
2016 06 22 06 28
2016 06 22 07 14
2016 06 22 07 36
2016 06 22 08 51
2016 06 22 15 48
2016 06 22 17 48
2016 06 22 18 13
2016 06 22 18 31
2016 06 22 18 31
2016 06 22 18 36
2016 06 22 19 41
2016 06 22 21 50
2016 06 23 00 37
2016 06 23 05 19
2016 06 23 09 48
2016 06 23 10 07
2016 06 23 15 53
2016 06 23 16 28
2016 06 23 17 34
2016 06 23 21 06
2016 06 23 23 41
2016 06 24 00 14
2016 06 24 00 29
2016 06 24 01 42
2016 06 24 02 46
2016 06 24 04 55
2016 06 24 06 27
2016 06 24 07 02
2016 06 24 10 05
2016 06 24 10 52
2016 06 24 11 14
2016 06 24 13 56
2016 06 24 14 22
2016 06 24 20 09
2016 06 24 20 33
2016 06 24 20 48
2016 06 24 22 33
2016 06 25 01 50
2016 06 25 03 33
2016 06 25 07 28
2016 06 25 11 25
2016 06 25 13 58
2016 06 25 14 03
2016 06 25 19 35
2016 06 25 22 12
2016 06 26 01 09
2016 06 26 01 30
2016 06 26 02 20
2016 06 26 04 11
2016 06 26 06 59
2016 06 26 10 32
2016 06 26 10 45
2016 06 26 11 03
2016 06 26 13 28
2016 06 26 13 42
2016 06 26 18 19
2016 06 26 19 09
2016 06 26 20 19
2016 06 26 23 58
2016 06 27 00 49
2016 06 27 01 20
2016 06 27 02 00
2016 06 27 03 06
2016 06 27 08 10
2016 06 27 12 32
2016 06 27 13 28
2016 06 27 15 48
2016 06 27 16 53
2016 06 27 16 59
2016 06 27 18 07
2016 06 27 20 34
2016 06 28 02 06
2016 06 28 02 59
2016 06 28 05 34
2016 06 28 05 48
2016 06 28 12 53
2016 06 28 18 44
2016 06 28 22 09
2016 07 01 02 06
2016 07 01 02 27
2016 07 01 03 18
2016 07 01 05 53
2016 07 01 07 12
2016 07 01 07 44
2016 07 01 11 37
2016 07 01 11 48
2016 07 01 11 52
2016 07 01 16 22
2016 07 01 16 24
2016 07 01 17 18
2016 07 01 21 14
2016 07 01 22 34
2016 07 01 23 09
2016 07 02 00 45
2016 07 02 00 50
2016 07 02 03 54
2016 07 02 04 45
2016 07 02 05 45
2016 07 02 06 00
2016 07 02 08 10
2016 07 02 09 19
2016 07 02 10 28
2016 07 02 12 51
2016 07 02 15 40
2016 07 02 23 53
2016 07 03 01 35
2016 07 03 02 46
2016 07 03 03 15
2016 07 03 05 58
2016 07 03 06 01
2016 07 03 09 45
2016 07 03 10 27
2016 07 03 11 37
2016 07 03 12 44
2016 07 03 12 49
2016 07 03 13 21
2016 07 03 13 44
2016 07 03 13 49
2016 07 03 14 40
2016 07 03 16 00
2016 07 03 17 03
2016 07 03 17 42
2016 07 03 18 06
2016 07 03 18 51
2016 07 03 19 17
2016 07 03 20 18
2016 07 04 00 02
2016 07 04 01 23
2016 07 04 01 29
2016 07 04 03 03
2016 07 04 05 12
2016 07 04 07 24
2016 07 04 07 37
2016 07 04 08 59
2016 07 04 09 07
2016 07 04 09 28
2016 07 04 09 34
2016 07 04 10 02
2016 07 04 11 20
2016 07 04 13 17
2016 07 04 14 18
2016 07 04 19 12
2016 07 04 20 22
2016 07 04 22 29
2016 07 05 02 15
2016 07 05 02 20
2016 07 05 06 56
2016 07 05 07 11
2016 07 05 07 42
2016 07 05 08 42
2016 07 05 17 05
2016 07 05 18 41
2016 07 05 19 32
2016 07 05 20 20
2016 07 05 22 32
2016 07 05 23 31
2016 07 05 23 34
2016 07 06 00 05
2016 07 06 00 56
2016 07 06 00 58
2016 07 06 02 56
2016 07 06 04 49
2016 07 06 05 49
2016 07 06 06 40
2016 07 06 06 41
2016 07 06 06 55
2016 07 06 12 14
2016 07 06 20 41
2016 07 06 22 38
2016 07 07 00 26
2016 07 07 01 24
2016 07 07 01 33
2016 07 07 03 44
2016 07 07 03 55
2016 07 07 06 20
2016 07 07 06 30
2016 07 07 08 16
2016 07 07 10 57
2016 07 07 14 26
2016 07 07 15 45
2016 07 07 17 44
2016 07 07 17 58
2016 07 07 18 10
2016 07 07 18 17
2016 07 07 18 25
2016 07 07 22 11
2016 07 07 22 40
2016 07 07 23 26
2016 07 08 01 00
2016 07 08 05 33
2016 07 08 10 43
2016 07 08 13 02
2016 07 08 18 42
2016 07 08 19 23
2016 07 08 21 42
2016 07 08 23 54
2016 07 09 01 49
2016 07 09 02 18
2016 07 09 05 14
2016 07 09 05 41
2016 07 09 06 52
2016 07 09 08 04
2016 07 09 10 10
2016 07 09 10 24
2016 07 09 11 51
2016 07 09 11 55
2016 07 09 12 42
2016 07 09 16 08
2016 07 09 16 48
2016 07 09 18 42
2016 07 09 22 31
2016 07 09 22 49
2016 07 09 23 43
2016 07 10 00 31
2016 07 10 04 02
2016 07 10 04 04
2016 07 10 05 16
2016 07 10 05 48
2016 07 10 06 34
2016 07 10 08 42
2016 07 10 08 52
2016 07 10 11 17
2016 07 10 11 40
2016 07 10 14 37
2016 07 10 14 39
2016 07 10 14 44
2016 07 10 16 20
2016 07 10 19 03
2016 07 10 19 32
2016 07 11 00 38
2016 07 11 01 30
2016 07 11 02 10
2016 07 11 03 19
2016 07 11 03 44
2016 07 11 03 59
2016 07 11 05 15
2016 07 11 05 47
2016 07 11 06 36
2016 07 11 08 12
2016 07 11 10 32
2016 07 11 13 49
2016 07 11 14 35
2016 07 11 15 15
2016 07 11 18 26
2016 07 11 21 43
2016 07 12 01 59
2016 07 12 02 26
2016 07 12 02 59
2016 07 12 04 39
2016 07 12 06 14
2016 07 12 11 59
2016 07 12 12 07
2016 07 12 12 29
2016 07 12 17 32
2016 07 12 17 57
2016 07 12 19 44
2016 07 12 23 11
2016 07 13 00 08
2016 07 13 00 30
2016 07 13 00 49
2016 07 13 00 57
2016 07 13 01 18
2016 07 13 05 50
2016 07 13 07 25
2016 07 13 10 51
2016 07 13 11 40
2016 07 13 12 15
2016 07 13 12 16
2016 07 13 12 30
2016 07 13 21 36
2016 07 13 21 38
2016 07 13 21 54
2016 07 13 22 00
2016 07 14 00 40
2016 07 14 00 51
2016 07 14 05 10
2016 07 14 07 15
2016 07 14 07 33
2016 07 14 08 20
2016 07 14 08 34
2016 07 14 08 58
2016 07 14 11 26
2016 07 14 12 03
2016 07 14 13 34
2016 07 14 17 50
2016 07 14 18 13
2016 07 14 18 26
2016 07 14 19 38
2016 07 14 19 55
2016 07 14 23 56
2016 07 15 03 52
2016 07 15 06 33
2016 07 15 08 47
2016 07 15 09 25
2016 07 15 11 32
2016 07 15 12 58
2016 07 15 14 34
2016 07 15 16 01
2016 07 15 16 52
2016 07 15 20 19
2016 07 15 20 33
2016 07 16 04 10
2016 07 16 04 12
2016 07 16 05 27
2016 07 16 05 41
2016 07 16 08 14
2016 07 16 08 16
2016 07 16 10 26
2016 07 16 11 16
2016 07 16 11 25
2016 07 16 13 14
2016 07 16 21 19
2016 07 16 22 42
2016 07 17 00 56
2016 07 17 05 13
2016 07 17 07 17
2016 07 17 08 41
2016 07 17 08 48
2016 07 17 10 07
2016 07 17 11 20
2016 07 17 13 10
2016 07 17 13 14
2016 07 17 13 16
2016 07 17 14 01
2016 07 17 14 44
2016 07 17 15 20
2016 07 17 15 37
2016 07 17 17 35
2016 07 17 18 06
2016 07 17 19 12
2016 07 17 19 40
2016 07 17 19 42
2016 07 17 20 08
2016 07 17 20 23
2016 07 18 01 23
2016 07 18 03 27
2016 07 18 10 23
2016 07 18 10 44
2016 07 18 11 26
2016 07 18 11 45
2016 07 18 11 46
2016 07 18 11 55
2016 07 18 14 06
2016 07 18 16 02
2016 07 18 20 34
2016 07 18 20 40
2016 07 19 01 05
2016 07 19 01 17
2016 07 19 03 37
2016 07 19 03 42
2016 07 19 08 59
2016 07 19 09 28
2016 07 19 10 02
2016 07 19 12 52
2016 07 19 15 34
2016 07 19 17 34
2016 07 19 18 11
2016 07 19 19 51
2016 07 19 20 12
2016 07 19 21 58
2016 07 20 00 53
2016 07 20 02 22
2016 07 20 03 26
2016 07 20 04 52
2016 07 20 07 45
2016 07 20 10 08
2016 07 20 10 21
2016 07 20 10 27
2016 07 20 10 29
2016 07 20 10 51
2016 07 20 14 00
2016 07 20 14 17
2016 07 20 14 20
2016 07 20 14 28
2016 07 20 14 43
2016 07 20 17 06
2016 07 20 18 20
2016 07 20 21 11
2016 07 20 21 50
2016 07 21 00 30
2016 07 21 01 57
2016 07 21 04 19
2016 07 21 05 35
2016 07 21 06 46
2016 07 21 11 25
2016 07 21 15 48
2016 07 21 17 56
2016 07 21 20 02
2016 07 22 01 53
2016 07 22 02 48
2016 07 22 04 17
2016 07 22 07 25
2016 07 22 08 36
2016 07 22 10 17
2016 07 22 10 23
2016 07 22 10 43
2016 07 22 11 40
2016 07 22 12 19
2016 07 22 14 29
2016 07 22 14 47
2016 07 22 17 51
2016 07 22 17 59
2016 07 22 18 07
2016 07 22 18 49
2016 07 22 19 22
2016 07 22 20 07
2016 07 22 20 46
2016 07 22 23 53
2016 07 23 01 05
2016 07 23 05 00
2016 07 23 05 33
2016 07 23 08 27
2016 07 23 09 25
2016 07 23 12 09
2016 07 23 12 30
2016 07 23 13 16
2016 07 23 13 40
2016 07 23 15 45
2016 07 23 16 16
2016 07 23 17 12
2016 07 23 22 12
2016 07 24 03 41
2016 07 24 05 06
2016 07 24 05 23
2016 07 24 06 54
2016 07 24 07 50
2016 07 24 08 21
2016 07 24 10 42
2016 07 24 13 34
2016 07 24 15 01
2016 07 24 15 24
2016 07 24 16 49
2016 07 24 19 04
2016 07 24 19 34
2016 07 24 20 55
2016 07 24 23 42
2016 07 25 01 35
2016 07 25 07 18
2016 07 25 09 54
2016 07 25 11 30
2016 07 25 12 07
2016 07 25 12 15
2016 07 25 12 18
2016 07 25 14 22
2016 07 25 17 01
2016 07 25 20 23
2016 07 25 22 27
2016 07 25 22 59
2016 07 25 23 42
2016 07 26 00 42
2016 07 26 00 45
2016 07 26 04 02
2016 07 26 04 35
2016 07 26 06 35
2016 07 26 06 44
2016 07 26 07 56
2016 07 26 11 32
2016 07 26 18 04
2016 07 26 22 41
2016 07 26 23 51
2016 07 27 01 32
2016 07 27 03 31
2016 07 27 03 34
2016 07 27 05 09
2016 07 27 10 01
2016 07 27 11 57
2016 07 27 14 16
2016 07 27 15 10
2016 07 27 17 50
2016 07 27 18 44
2016 07 27 19 02
2016 07 28 03 36
2016 07 28 04 06
2016 07 28 05 29
2016 07 28 06 50
2016 07 28 11 46
2016 07 28 12 09
2016 07 28 12 30
2016 07 28 21 28
2016 07 28 22 26
2016 07 28 23 12
2016 07 28 23 53
2016 08 01 01 08
2016 08 01 01 47
2016 08 01 05 13
2016 08 01 05 43
2016 08 01 08 49
2016 08 01 15 00
2016 08 01 17 11
2016 08 01 18 08
2016 08 01 20 30
2016 08 01 22 49
2016 08 01 23 22
2016 08 02 00 44
2016 08 02 03 08
2016 08 02 04 46
2016 08 02 10 57
2016 08 02 14 31
2016 08 02 15 01
2016 08 02 17 30
2016 08 02 20 05
2016 08 02 21 30
2016 08 02 23 25
2016 08 02 23 41
2016 08 03 10 46
2016 08 03 10 58
2016 08 03 11 08
2016 08 03 12 58
2016 08 03 13 11
2016 08 03 13 33
2016 08 03 15 04
2016 08 03 17 21
2016 08 03 17 57
2016 08 03 21 14
2016 08 03 21 57
2016 08 03 22 47
2016 08 03 23 11
2016 08 03 23 13
2016 08 04 00 26
2016 08 04 02 39
2016 08 04 03 41
2016 08 04 04 29
2016 08 04 05 06
2016 08 04 06 18
2016 08 04 06 18
2016 08 04 10 04
2016 08 04 14 28
2016 08 04 15 21
2016 08 04 15 33
2016 08 04 15 50
2016 08 04 16 06
2016 08 04 17 24
2016 08 04 20 41
2016 08 05 00 45
2016 08 05 01 06
2016 08 05 05 00
2016 08 05 05 51
2016 08 05 07 06
2016 08 05 07 21
2016 08 05 08 01
2016 08 05 08 05
2016 08 05 08 34
2016 08 05 15 41
2016 08 05 15 45
2016 08 05 16 12
2016 08 05 19 01
2016 08 05 19 21
2016 08 05 21 09
2016 08 05 22 10
2016 08 05 22 26
2016 08 05 22 27
2016 08 05 22 44
2016 08 06 03 05
2016 08 06 03 40
2016 08 06 06 33
2016 08 06 07 05
2016 08 06 07 46
2016 08 06 09 26
2016 08 06 12 07
2016 08 06 13 04
2016 08 06 16 28
2016 08 06 18 52
2016 08 07 00 51
2016 08 07 00 52
2016 08 07 02 44
2016 08 07 04 17
2016 08 07 07 14
2016 08 07 09 15
2016 08 07 10 36
2016 08 07 12 14
2016 08 07 13 01
2016 08 07 13 33
2016 08 07 13 59
2016 08 07 18 42
2016 08 07 18 54
2016 08 07 19 43
2016 08 07 21 40
2016 08 08 00 07
2016 08 08 01 04
2016 08 08 01 42
2016 08 08 02 15
2016 08 08 04 32
2016 08 08 05 51
2016 08 08 06 02
2016 08 08 10 52
2016 08 08 14 39
2016 08 08 17 33
2016 08 08 19 37
2016 08 08 20 32
2016 08 08 20 46
2016 08 08 22 05
2016 08 09 02 01
2016 08 09 02 16
2016 08 09 03 02
2016 08 09 04 04
2016 08 09 05 52
2016 08 09 05 56
2016 08 09 06 53
2016 08 09 08 57
2016 08 09 10 41
2016 08 09 12 26
2016 08 09 15 29
2016 08 09 15 43
2016 08 09 19 28
2016 08 09 20 29
2016 08 09 21 46
2016 08 09 22 26
2016 08 10 00 33
2016 08 10 00 58
2016 08 10 03 38
2016 08 10 05 04
2016 08 10 06 27
2016 08 10 06 56
2016 08 10 08 11
2016 08 10 08 30
2016 08 10 12 27
2016 08 10 13 02
2016 08 10 19 36
2016 08 11 02 20
2016 08 11 04 20
2016 08 11 04 31
2016 08 11 06 29
2016 08 11 08 30
2016 08 11 09 38
2016 08 11 13 57
2016 08 11 14 09
2016 08 11 14 26
2016 08 11 16 46
2016 08 11 22 09
2016 08 11 22 58
2016 08 11 23 02
2016 08 12 00 18
2016 08 12 02 35
2016 08 12 02 35
2016 08 12 03 51
2016 08 12 04 59
2016 08 12 05 44
2016 08 12 06 06
2016 08 12 06 20
2016 08 12 06 28
2016 08 12 08 12
2016 08 12 08 46
2016 08 12 12 27
2016 08 12 12 46
2016 08 12 13 10
2016 08 12 14 43
2016 08 12 16 04
2016 08 12 18 28
2016 08 13 00 32
2016 08 13 01 55
2016 08 13 02 12
2016 08 13 02 58
2016 08 13 03 51
2016 08 13 04 28
2016 08 13 09 35
2016 08 13 10 22
2016 08 13 10 34
2016 08 13 13 31
2016 08 13 18 36
2016 08 13 18 42
2016 08 13 19 01
2016 08 14 00 42
2016 08 14 01 25
2016 08 14 02 04
2016 08 14 02 56
2016 08 14 07 29
2016 08 14 11 31
2016 08 14 12 34
2016 08 14 13 13
2016 08 14 13 48
2016 08 14 14 35
2016 08 14 14 43
2016 08 14 17 17
2016 08 14 19 00
2016 08 14 19 05
2016 08 14 19 37
2016 08 14 23 27
2016 08 15 03 23
2016 08 15 08 17
2016 08 15 09 01
2016 08 15 09 49
2016 08 15 10 29
2016 08 15 12 19
2016 08 15 14 07
2016 08 15 16 03
2016 08 15 20 43
2016 08 15 20 54
2016 08 15 22 07
2016 08 15 22 43
2016 08 16 03 45
2016 08 16 08 14
2016 08 16 12 06
2016 08 16 14 28
2016 08 16 14 30
2016 08 16 15 22
2016 08 16 15 37
2016 08 16 15 46
2016 08 16 16 32
2016 08 16 17 29
2016 08 16 18 44
2016 08 16 20 38
2016 08 16 21 41
2016 08 16 23 10
2016 08 17 01 25
2016 08 17 02 20
2016 08 17 03 41
2016 08 17 06 51
2016 08 17 07 41
2016 08 17 10 39
2016 08 17 11 23
2016 08 17 11 48
2016 08 17 12 41
2016 08 17 13 35
2016 08 17 15 38
2016 08 17 19 50
2016 08 17 21 18
2016 08 17 23 29
2016 08 17 23 57
2016 08 18 02 31
2016 08 18 02 45
2016 08 18 03 06
2016 08 18 03 31
2016 08 18 04 08
2016 08 18 06 44
2016 08 18 08 01
2016 08 18 09 21
2016 08 18 11 33
2016 08 18 13 05
2016 08 18 16 54
2016 08 18 18 13
2016 08 18 18 17
2016 08 18 19 33
2016 08 18 21 32
2016 08 18 21 45
2016 08 18 22 32
2016 08 18 23 19
2016 08 18 23 48
2016 08 19 00 14
2016 08 19 04 56
2016 08 19 06 44
2016 08 19 08 37
2016 08 19 09 14
2016 08 19 12 53
2016 08 19 16 48
2016 08 19 18 58
2016 08 19 20 47
2016 08 19 20 50
2016 08 19 23 05
2016 08 20 00 00
2016 08 20 01 07
2016 08 20 02 30
2016 08 20 03 21
2016 08 20 04 31
2016 08 20 07 34
2016 08 20 09 08
2016 08 20 09 30
2016 08 20 10 53
2016 08 20 16 02
2016 08 20 17 22
2016 08 20 18 03
2016 08 20 18 37
2016 08 20 20 37
2016 08 20 21 38
2016 08 20 22 03
2016 08 21 00 13
2016 08 21 06 31
2016 08 21 07 28
2016 08 21 08 44
2016 08 21 09 02
2016 08 21 10 18
2016 08 21 10 50
2016 08 21 11 53
2016 08 21 12 24
2016 08 21 13 50
2016 08 21 18 02
2016 08 21 18 59
2016 08 21 22 50
2016 08 21 23 19
2016 08 22 00 25
2016 08 22 00 27
2016 08 22 01 45
2016 08 22 02 50
2016 08 22 03 22
2016 08 22 04 14
2016 08 22 07 11
2016 08 22 09 03
2016 08 22 09 47
2016 08 22 10 55
2016 08 22 11 30
2016 08 22 13 58
2016 08 22 14 13
2016 08 22 16 05
2016 08 22 17 28
2016 08 22 21 13
2016 08 22 22 02
2016 08 22 22 37
2016 08 22 23 05
2016 08 22 23 38
2016 08 23 01 14
2016 08 23 04 17
2016 08 23 07 49
2016 08 23 08 08
2016 08 23 09 32
2016 08 23 10 43
2016 08 23 12 21
2016 08 23 19 12
2016 08 23 19 28
2016 08 23 20 51
2016 08 23 20 56
2016 08 24 00 30
2016 08 24 00 31
2016 08 24 04 01
2016 08 24 08 48
2016 08 24 10 18
2016 08 24 11 28
2016 08 24 14 28
2016 08 24 15 04
2016 08 24 15 44
2016 08 24 15 46
2016 08 24 17 02
2016 08 24 18 55
2016 08 24 20 30
2016 08 24 21 13
2016 08 24 22 37
2016 08 25 01 34
2016 08 25 03 01
2016 08 25 05 49
2016 08 25 09 19
2016 08 25 09 22
2016 08 25 09 51
2016 08 25 16 58
2016 08 25 18 58
2016 08 25 20 23
2016 08 25 23 18
2016 08 26 03 11
2016 08 26 03 18
2016 08 26 04 56
2016 08 26 09 14
2016 08 26 12 27
2016 08 26 12 29
2016 08 26 12 39
2016 08 26 13 55
2016 08 26 14 30
2016 08 26 21 24
2016 08 26 21 26
2016 08 27 02 20
2016 08 27 03 15
2016 08 27 05 02
2016 08 27 05 48
2016 08 27 05 56
2016 08 27 10 28
2016 08 27 10 28
2016 08 27 12 02
2016 08 27 16 59
2016 08 27 17 17
2016 08 27 18 36
2016 08 27 19 39
2016 08 27 20 27
2016 08 27 21 02
2016 08 28 04 34
2016 08 28 05 18
2016 08 28 06 57
2016 08 28 07 26
2016 08 28 12 56
2016 08 28 16 32
2016 08 28 20 20
2016 08 28 23 30
2016 09 01 02 02
2016 09 01 02 12
2016 09 01 02 58
2016 09 01 04 23
2016 09 01 05 12
2016 09 01 06 12
2016 09 01 09 21
2016 09 01 10 54
2016 09 01 11 35
2016 09 01 12 47
2016 09 01 15 11
2016 09 01 20 50
2016 09 02 00 37
2016 09 02 06 21
2016 09 02 06 56
2016 09 02 07 16
2016 09 02 07 34
2016 09 02 09 13
2016 09 02 09 18
2016 09 02 09 47
2016 09 02 10 09
2016 09 02 11 55
2016 09 02 12 00
2016 09 02 20 25
2016 09 02 21 02
2016 09 02 23 23
2016 09 03 01 39
2016 09 03 02 16
2016 09 03 03 27
2016 09 03 03 50
2016 09 03 06 27
2016 09 03 07 48
2016 09 03 11 09
2016 09 03 11 17
2016 09 03 12 58
2016 09 03 14 18
2016 09 03 16 08
2016 09 03 17 19
2016 09 03 18 51
2016 09 03 18 59
2016 09 03 21 57
2016 09 03 22 12
2016 09 03 23 17
2016 09 04 04 37
2016 09 04 05 07
2016 09 04 05 29
2016 09 04 06 07
2016 09 04 07 11
2016 09 04 09 21
2016 09 04 09 49
2016 09 04 12 58
2016 09 04 14 28
2016 09 04 16 08
2016 09 04 20 24
2016 09 04 21 25
2016 09 04 21 43
2016 09 05 00 05
2016 09 05 00 57
2016 09 05 04 17
2016 09 05 06 18
2016 09 05 06 49
2016 09 05 07 00
2016 09 05 07 16
2016 09 05 08 34
2016 09 05 10 33
2016 09 05 12 19
2016 09 05 22 19
2016 09 05 23 25
2016 09 05 23 37
2016 09 06 00 12
2016 09 06 01 11
2016 09 06 02 22
2016 09 06 02 52
2016 09 06 02 55
2016 09 06 03 43
2016 09 06 04 42
2016 09 06 05 03
2016 09 06 14 24
2016 09 06 18 04
2016 09 06 19 34
2016 09 07 01 29
2016 09 07 01 43
2016 09 07 03 01
2016 09 07 03 31
2016 09 07 05 09
2016 09 07 05 42
2016 09 07 07 15
2016 09 07 07 21
2016 09 07 08 05
2016 09 07 08 23
2016 09 07 08 57
2016 09 07 10 15
2016 09 07 12 11
2016 09 07 14 18
2016 09 07 14 20
2016 09 07 16 19
2016 09 07 17 49
2016 09 07 18 22
2016 09 07 19 11
2016 09 07 21 08
2016 09 07 21 55
2016 09 08 00 29
2016 09 08 01 41
2016 09 08 02 01
2016 09 08 08 46
2016 09 08 13 21
2016 09 08 15 36
2016 09 08 16 24
2016 09 08 16 48
2016 09 08 17 27
2016 09 08 18 06
2016 09 08 20 52
2016 09 08 22 20
2016 09 08 22 24
2016 09 09 00 31
2016 09 09 04 41
2016 09 09 07 00
2016 09 09 07 20
2016 09 09 09 41
2016 09 09 19 21
2016 09 09 19 38
2016 09 09 21 51
2016 09 10 00 45
2016 09 10 00 49
2016 09 10 01 14
2016 09 10 02 02
2016 09 10 03 28
2016 09 10 04 37
2016 09 10 04 57
2016 09 10 10 11
2016 09 10 10 55
2016 09 10 13 09
2016 09 10 14 15
2016 09 10 15 12
2016 09 10 15 26
2016 09 10 16 03
2016 09 10 17 54
2016 09 10 23 27
2016 09 11 03 57
2016 09 11 04 43
2016 09 11 09 15
2016 09 11 09 46
2016 09 11 10 33
2016 09 11 12 18
2016 09 11 13 36
2016 09 11 14 56
2016 09 11 22 04
2016 09 11 23 22
2016 09 12 02 13
2016 09 12 04 21
2016 09 12 05 16
2016 09 12 07 56
2016 09 12 11 00
2016 09 12 12 31
2016 09 12 14 37
2016 09 12 17 55
2016 09 12 21 19
2016 09 12 21 45
2016 09 12 22 30
2016 09 13 01 06
2016 09 13 02 19
2016 09 13 03 25
2016 09 13 05 59
2016 09 13 06 43
2016 09 13 07 12
2016 09 13 08 43
2016 09 13 10 12
2016 09 13 11 10
2016 09 13 12 34
2016 09 13 13 28
2016 09 13 13 48
2016 09 13 18 09
2016 09 13 19 27
2016 09 13 19 40
2016 09 13 20 07
2016 09 13 20 44
2016 09 14 05 00
2016 09 14 11 17
2016 09 14 12 36
2016 09 14 14 11
2016 09 14 14 25
2016 09 14 16 34
2016 09 14 19 26
2016 09 14 19 43
2016 09 14 21 44
2016 09 14 23 16
2016 09 14 23 52
2016 09 15 01 04
2016 09 15 02 36
2016 09 15 04 45
2016 09 15 06 22
2016 09 15 09 50
2016 09 15 11 09
2016 09 15 12 13
2016 09 15 14 37
2016 09 15 14 58
2016 09 15 15 12
2016 09 15 18 49
2016 09 15 18 52
2016 09 15 19 49
2016 09 15 23 11
2016 09 16 02 39
2016 09 16 04 01
2016 09 16 04 50
2016 09 16 05 09
2016 09 16 05 14
2016 09 16 07 14
2016 09 16 09 06
2016 09 16 10 13
2016 09 16 13 02
2016 09 16 15 09
2016 09 16 18 39
2016 09 16 18 51
2016 09 16 19 40
2016 09 16 20 38
2016 09 17 00 38
2016 09 17 03 49
2016 09 17 05 23
2016 09 17 05 49
2016 09 17 08 13
2016 09 17 08 43
2016 09 17 09 15
2016 09 17 10 25
2016 09 17 10 42
2016 09 17 11 21
2016 09 17 11 48
2016 09 17 12 32
2016 09 17 16 17
2016 09 17 16 46
2016 09 17 22 42
2016 09 18 00 23
2016 09 18 01 44
2016 09 18 02 43
2016 09 18 06 21
2016 09 18 07 30
2016 09 18 07 51
2016 09 18 11 03
2016 09 18 11 15
2016 09 18 11 36
2016 09 18 15 01
2016 09 18 15 31
2016 09 18 17 42
2016 09 18 17 45
2016 09 18 18 36
2016 09 18 19 08
2016 09 18 20 20
2016 09 18 20 46
2016 09 18 21 30
2016 09 18 21 42
2016 09 18 22 38
2016 09 19 01 07
2016 09 19 02 43
2016 09 19 02 55
2016 09 19 04 18
2016 09 19 06 08
2016 09 19 08 18
2016 09 19 10 50
2016 09 19 10 53
2016 09 19 11 06
2016 09 19 12 20
2016 09 19 14 31
2016 09 19 14 58
2016 09 19 15 59
2016 09 19 18 35
2016 09 19 20 01
2016 09 19 20 25
2016 09 20 01 49
2016 09 20 05 09
2016 09 20 10 50
2016 09 20 11 10
2016 09 20 15 42
2016 09 20 23 37
2016 09 21 00 36
2016 09 21 01 48
2016 09 21 03 45
2016 09 21 06 38
2016 09 21 09 54
2016 09 21 11 16
2016 09 21 13 06
2016 09 21 14 24
2016 09 21 15 07
2016 09 21 15 07
2016 09 21 15 12
2016 09 21 15 18
2016 09 21 16 24
2016 09 21 16 32
2016 09 21 17 19
2016 09 21 18 36
2016 09 22 01 43
2016 09 22 03 08
2016 09 22 03 59
2016 09 22 06 06
2016 09 22 06 31
2016 09 22 08 07
2016 09 22 11 58
2016 09 22 17 53
2016 09 22 20 09
2016 09 22 23 52
2016 09 23 02 22
2016 09 23 17 28
2016 09 24 03 46
2016 09 24 04 16
2016 09 24 08 21
2016 09 24 10 20
2016 09 24 11 57
2016 09 24 12 09
2016 09 24 16 46
2016 09 24 18 51
2016 09 24 18 59
2016 09 24 19 17
2016 09 24 22 59
2016 09 24 23 19
2016 09 24 23 55
2016 09 25 01 09
2016 09 25 01 30
2016 09 25 03 58
2016 09 25 04 01
2016 09 25 07 33
2016 09 25 08 55
2016 09 25 11 25
2016 09 25 11 35
2016 09 25 16 33
2016 09 26 01 02
2016 09 26 02 48
2016 09 26 03 54
2016 09 26 04 42
2016 09 26 08 06
2016 09 26 08 22
2016 09 26 13 11
2016 09 26 13 47
2016 09 26 14 43
2016 09 26 15 03
2016 09 26 17 11
2016 09 26 17 12
2016 09 26 17 18
2016 09 26 20 29
2016 09 26 22 58
2016 09 27 01 54
2016 09 27 09 18
2016 09 27 09 30
2016 09 27 09 35
2016 09 27 11 09
2016 09 27 12 30
2016 09 27 16 37
2016 09 27 20 07
2016 09 27 21 46
2016 09 27 22 00
2016 09 28 06 56
2016 09 28 08 25
2016 09 28 09 09
2016 09 28 11 28
2016 09 28 11 39
2016 09 28 11 50
2016 09 28 12 37
2016 09 28 13 07
2016 09 28 14 20
2016 09 28 15 17
2016 09 28 17 38
2016 09 28 19 04
2016 09 28 20 27
2016 09 28 20 59
2016 09 28 21 35
2016 10 01 00 22
2016 10 01 01 21
2016 10 01 04 43
2016 10 01 06 41
2016 10 01 07 38
2016 10 01 08 43
2016 10 01 09 14
2016 10 01 15 28
2016 10 01 16 07
2016 10 01 16 25
2016 10 01 17 21
2016 10 01 19 13
2016 10 02 01 28
2016 10 02 02 14
2016 10 02 05 44
2016 10 02 06 00
2016 10 02 11 51
2016 10 02 15 21
2016 10 02 19 02
2016 10 02 19 55
2016 10 03 01 33
2016 10 03 03 10
2016 10 03 05 32
2016 10 03 07 04
2016 10 03 10 12
2016 10 03 11 14
2016 10 03 11 50
2016 10 03 12 57
2016 10 03 13 28
2016 10 03 15 07
2016 10 03 15 26
2016 10 03 16 19
2016 10 03 16 26
2016 10 03 17 34
2016 10 04 03 44
2016 10 04 05 13
2016 10 04 07 37
2016 10 04 10 15
2016 10 04 11 02
2016 10 04 12 14
2016 10 04 14 01
2016 10 04 18 18
2016 10 04 21 59
2016 10 05 00 59
2016 10 05 07 45
2016 10 05 11 56
2016 10 05 14 29
2016 10 05 18 23
2016 10 05 18 31
2016 10 05 20 40
2016 10 05 21 09
2016 10 05 21 44
2016 10 06 00 34
2016 10 06 02 24
2016 10 06 05 09
2016 10 06 07 32
2016 10 06 10 09
2016 10 06 13 41
2016 10 06 15 39
2016 10 06 16 09
2016 10 06 19 54
2016 10 06 21 03
2016 10 06 22 38
2016 10 06 23 16
2016 10 06 23 59
2016 10 07 01 12
2016 10 07 01 19
2016 10 07 01 42
2016 10 07 01 50
2016 10 07 02 31
2016 10 07 02 53
2016 10 07 04 48
2016 10 07 05 19
2016 10 07 13 07
2016 10 07 13 14
2016 10 07 14 35
2016 10 07 14 48
2016 10 07 15 26
2016 10 07 19 22
2016 10 07 20 20
2016 10 07 21 07
2016 10 07 22 31
2016 10 08 02 02
2016 10 08 03 32
2016 10 08 05 38
2016 10 08 06 48
2016 10 08 07 37
2016 10 08 08 48
2016 10 08 09 41
2016 10 08 09 54
2016 10 08 12 11
2016 10 08 13 37
2016 10 08 13 39
2016 10 08 13 59
2016 10 08 14 51
2016 10 08 17 24
2016 10 08 17 30
2016 10 08 17 58
2016 10 08 18 55
2016 10 08 19 00
2016 10 08 20 15
2016 10 08 21 00
2016 10 08 22 32
2016 10 09 03 40
2016 10 09 03 52
2016 10 09 03 58
2016 10 09 04 00
2016 10 09 04 18
2016 10 09 07 36
2016 10 09 12 15
2016 10 09 19 30
2016 10 09 20 54
2016 10 09 21 31
2016 10 09 22 35
2016 10 09 23 00
2016 10 09 23 36
2016 10 09 23 47
2016 10 10 00 46
2016 10 10 01 51
2016 10 10 02 52
2016 10 10 04 09
2016 10 10 04 52
2016 10 10 05 10
2016 10 10 07 29
2016 10 10 09 49
2016 10 10 11 06
2016 10 10 11 57
2016 10 10 12 39
2016 10 10 12 46
2016 10 10 12 53
2016 10 10 15 57
2016 10 10 16 02
2016 10 10 17 55
2016 10 10 18 40
2016 10 10 20 47
2016 10 10 21 34
2016 10 10 23 08
2016 10 10 23 30
2016 10 11 00 15
2016 10 11 01 01
2016 10 11 01 44
2016 10 11 07 47
2016 10 11 10 05
2016 10 11 10 58
2016 10 11 11 27
2016 10 11 13 12
2016 10 11 13 54
2016 10 11 15 33
2016 10 11 21 42
2016 10 11 22 13
2016 10 11 23 32
2016 10 12 07 12
2016 10 12 11 19
2016 10 12 12 05
2016 10 12 15 49
2016 10 12 16 09
2016 10 12 17 21
2016 10 12 17 25
2016 10 12 17 26
2016 10 12 18 22
2016 10 12 22 20
2016 10 12 22 35
2016 10 13 00 10
2016 10 13 00 19
2016 10 13 04 00
2016 10 13 04 01
2016 10 13 04 33
2016 10 13 04 45
2016 10 13 05 07
2016 10 13 11 40
2016 10 13 11 58
2016 10 13 12 28
2016 10 13 15 12
2016 10 13 17 07
2016 10 13 21 37
2016 10 13 22 07
2016 10 14 00 05
2016 10 14 01 15
2016 10 14 02 39
2016 10 14 03 28
2016 10 14 08 03
2016 10 14 08 48
2016 10 14 09 00
2016 10 14 10 20
2016 10 14 10 59
2016 10 14 12 55
2016 10 14 13 04
2016 10 14 13 46
2016 10 14 14 20
2016 10 14 14 30
2016 10 14 14 31
2016 10 14 15 42
2016 10 14 16 05
2016 10 14 18 05
2016 10 14 22 55
2016 10 15 00 45
2016 10 15 01 05
2016 10 15 01 51
2016 10 15 03 51
2016 10 15 07 51
2016 10 15 09 59
2016 10 15 13 55
2016 10 15 14 47
2016 10 15 15 17
2016 10 15 18 38
2016 10 15 19 04
2016 10 15 19 50
2016 10 15 20 16
2016 10 16 02 23
2016 10 16 03 33
2016 10 16 04 01
2016 10 16 04 07
2016 10 16 04 07
2016 10 16 06 42
2016 10 16 07 05
2016 10 16 07 55
2016 10 16 09 38
2016 10 16 09 57
2016 10 16 14 15
2016 10 16 17 52
2016 10 16 18 00
2016 10 16 19 12
2016 10 16 21 34
2016 10 16 21 51
2016 10 16 22 20
2016 10 17 00 51
2016 10 17 09 49
2016 10 17 11 07
2016 10 17 14 42
2016 10 17 15 57
2016 10 17 16 28
2016 10 17 18 04
2016 10 17 21 48
2016 10 17 21 59
2016 10 18 00 25
2016 10 18 00 32
2016 10 18 00 33
2016 10 18 00 33
2016 10 18 01 36
2016 10 18 04 19
2016 10 18 04 33
2016 10 18 04 47
2016 10 18 05 04
2016 10 18 09 50
2016 10 18 12 29
2016 10 18 12 45
2016 10 18 17 11
2016 10 18 19 11
2016 10 18 19 56
2016 10 18 21 07
2016 10 18 21 08
2016 10 18 21 57
2016 10 19 00 13
2016 10 19 02 29
2016 10 19 11 25
2016 10 19 12 20
2016 10 19 18 50
2016 10 19 19 57
2016 10 19 20 14
2016 10 19 21 38
2016 10 19 22 46
2016 10 19 23 55
2016 10 20 00 15
2016 10 20 00 21
2016 10 20 01 08
2016 10 20 08 53
2016 10 20 10 16
2016 10 20 13 07
2016 10 20 14 51
2016 10 20 18 43
2016 10 20 18 45
2016 10 20 23 08
2016 10 20 23 48
2016 10 21 00 48
2016 10 21 02 17
2016 10 21 04 09
2016 10 21 05 07
2016 10 21 06 20
2016 10 21 15 43
2016 10 21 20 55
2016 10 21 21 02
2016 10 22 03 33
2016 10 22 03 39
2016 10 22 04 11
2016 10 22 04 27
2016 10 22 04 30
2016 10 22 06 03
2016 10 22 07 30
2016 10 22 07 48
2016 10 22 11 40
2016 10 22 14 50
2016 10 22 20 29
2016 10 23 00 01
2016 10 23 03 30
2016 10 23 05 15
2016 10 23 05 35
2016 10 23 05 52
2016 10 23 06 52
2016 10 23 07 15
2016 10 23 10 38
2016 10 23 11 18
2016 10 23 14 30
2016 10 23 17 00
2016 10 23 17 47
2016 10 23 18 08
2016 10 23 18 55
2016 10 23 19 37
2016 10 23 20 09
2016 10 23 20 57
2016 10 23 23 00
2016 10 23 23 53
2016 10 24 03 08
2016 10 24 03 32
2016 10 24 04 50
2016 10 24 06 14
2016 10 24 10 02
2016 10 24 12 44
2016 10 24 13 23
2016 10 24 13 57
2016 10 24 14 30
2016 10 24 16 47
2016 10 24 19 13
2016 10 24 20 06
2016 10 24 22 05
2016 10 24 22 37
2016 10 25 05 32
2016 10 25 06 32
2016 10 25 06 56
2016 10 25 07 59
2016 10 25 10 52
2016 10 25 11 49
2016 10 25 17 22
2016 10 25 17 55
2016 10 25 20 14
2016 10 25 20 33
2016 10 25 21 33
2016 10 25 22 47
2016 10 25 22 48
2016 10 26 00 46
2016 10 26 05 03
2016 10 26 09 58
2016 10 26 10 55
2016 10 26 12 39
2016 10 26 13 11
2016 10 26 16 01
2016 10 26 16 06
2016 10 26 16 37
2016 10 26 20 51
2016 10 27 00 15
2016 10 27 06 10
2016 10 27 06 13
2016 10 27 08 50
2016 10 27 08 56
2016 10 27 15 10
2016 10 27 17 29
2016 10 27 17 34
2016 10 27 17 46
2016 10 27 18 59
2016 10 27 19 04
2016 10 27 21 33
2016 10 27 21 55
2016 10 27 23 43
2016 10 28 00 02
2016 10 28 00 19
2016 10 28 04 55
2016 10 28 05 36
2016 10 28 06 08
2016 10 28 09 08
2016 10 28 09 42
2016 10 28 10 06
2016 10 28 14 08
2016 10 28 15 43
2016 10 28 17 01
2016 10 28 17 01
2016 10 28 19 04
2016 10 28 19 42
2016 10 28 20 00
2016 10 28 20 25
2016 10 28 20 45
2016 10 28 22 48
2016 11 01 01 06
2016 11 01 04 14
2016 11 01 05 25
2016 11 01 07 11
2016 11 01 08 08
2016 11 01 09 01
2016 11 01 10 01
2016 11 01 12 02
2016 11 01 13 27
2016 11 01 14 18
2016 11 01 15 07
2016 11 01 15 37
2016 11 01 17 15
2016 11 01 19 32
2016 11 01 22 55
2016 11 02 00 04
2016 11 02 00 39
2016 11 02 03 52
2016 11 02 14 07
2016 11 02 15 22
2016 11 02 16 07
2016 11 02 16 25
2016 11 02 16 57
2016 11 02 17 47
2016 11 02 18 41
2016 11 02 20 26
2016 11 03 02 44
2016 11 03 04 07
2016 11 03 08 12
2016 11 03 08 50
2016 11 03 09 33
2016 11 03 14 42
2016 11 03 17 10
2016 11 03 19 27
2016 11 03 20 57
2016 11 04 03 50
2016 11 04 04 03
2016 11 04 04 55
2016 11 04 10 12
2016 11 04 11 01
2016 11 04 11 18
2016 11 04 13 24
2016 11 04 16 37
2016 11 04 17 02
2016 11 04 17 24
2016 11 04 22 08
2016 11 04 22 18
2016 11 05 01 29
2016 11 05 01 45
2016 11 05 03 25
2016 11 05 07 14
2016 11 05 08 06
2016 11 05 08 26
2016 11 05 10 26
2016 11 05 12 31
2016 11 05 14 32
2016 11 05 14 48
2016 11 05 18 01
2016 11 06 02 37
2016 11 06 04 19
2016 11 06 07 58
2016 11 06 08 14
2016 11 06 08 56
2016 11 06 09 05
2016 11 06 10 43
2016 11 06 13 02
2016 11 06 15 53
2016 11 06 16 32
2016 11 06 17 01
2016 11 06 17 02
2016 11 06 18 49
2016 11 06 20 13
2016 11 06 21 03
2016 11 06 21 18
2016 11 06 21 30
2016 11 06 22 23
2016 11 07 00 27
2016 11 07 02 03
2016 11 07 03 23
2016 11 07 10 29
2016 11 07 15 34
2016 11 08 00 48
2016 11 08 01 04
2016 11 08 01 17
2016 11 08 02 54
2016 11 08 03 47
2016 11 08 04 57
2016 11 08 05 48
2016 11 08 06 50
2016 11 08 07 10
2016 11 08 07 21
2016 11 08 09 38
2016 11 08 10 17
2016 11 08 10 44
2016 11 09 01 12
2016 11 09 04 06
2016 11 09 05 14
2016 11 09 05 17
2016 11 09 05 18
2016 11 09 06 39
2016 11 09 06 52
2016 11 09 07 30
2016 11 09 08 34
2016 11 09 10 15
2016 11 09 12 47
2016 11 09 12 58
2016 11 09 14 35
2016 11 09 14 58
2016 11 09 15 15
2016 11 09 16 46
2016 11 09 20 39
2016 11 09 21 33
2016 11 10 00 21
2016 11 10 04 51
2016 11 10 06 31
2016 11 10 07 59
2016 11 10 09 39
2016 11 10 10 18
2016 11 10 10 37
2016 11 10 15 11
2016 11 10 16 43
2016 11 10 17 13
2016 11 10 20 13
2016 11 11 00 16
2016 11 11 01 42
2016 11 11 01 55
2016 11 11 04 16
2016 11 11 04 56
2016 11 11 06 19
2016 11 11 09 36
2016 11 11 11 25
2016 11 11 12 59
2016 11 11 14 07
2016 11 11 14 34
2016 11 11 14 58
2016 11 11 15 10
2016 11 11 15 12
2016 11 11 15 54
2016 11 11 18 08
2016 11 11 21 21
2016 11 11 22 45
2016 11 12 00 43
2016 11 12 02 19
2016 11 12 02 46
2016 11 12 03 40
2016 11 12 05 52
2016 11 12 05 53
2016 11 12 06 04
2016 11 12 07 57
2016 11 12 09 13
2016 11 12 10 39
2016 11 12 12 48
2016 11 12 18 57
2016 11 12 19 07
2016 11 12 20 14
2016 11 12 20 40
2016 11 12 21 08
2016 11 12 22 24
2016 11 12 22 32
2016 11 12 23 12
2016 11 13 04 02
2016 11 13 07 05
2016 11 13 09 56
2016 11 13 10 36
2016 11 13 10 45
2016 11 13 14 06
2016 11 13 15 21
2016 11 13 17 28
2016 11 13 18 19
2016 11 13 21 43
2016 11 13 23 09
2016 11 14 00 25
2016 11 14 01 25
2016 11 14 03 03
2016 11 14 03 32
2016 11 14 04 24
2016 11 14 06 24
2016 11 14 07 27
2016 11 14 10 07
2016 11 14 11 40
2016 11 14 12 52
2016 11 14 13 55
2016 11 14 14 32
2016 11 14 16 05
2016 11 14 16 25
2016 11 14 17 07
2016 11 14 18 15
2016 11 14 18 29
2016 11 14 21 40
2016 11 14 21 42
2016 11 14 22 47
2016 11 14 23 58
2016 11 15 04 48
2016 11 15 06 02
2016 11 15 11 46
2016 11 15 12 05
2016 11 15 15 59
2016 11 15 21 27
2016 11 15 22 55
2016 11 16 01 12
2016 11 16 01 23
2016 11 16 01 48
2016 11 16 02 54
2016 11 16 04 03
2016 11 16 04 26
2016 11 16 04 56
2016 11 16 05 15
2016 11 16 14 33
2016 11 16 17 36
2016 11 16 22 16
2016 11 16 23 21
2016 11 16 23 45
2016 11 17 08 42
2016 11 17 14 14
2016 11 17 18 00
2016 11 17 23 05
2016 11 18 00 57
2016 11 18 01 09
2016 11 18 01 41
2016 11 18 06 46
2016 11 18 09 14
2016 11 18 10 09
2016 11 18 10 33
2016 11 18 12 08
2016 11 18 13 50
2016 11 18 13 58
2016 11 18 15 45
2016 11 18 20 34
2016 11 19 00 51
2016 11 19 01 01
2016 11 19 03 20
2016 11 19 06 07
2016 11 19 06 55
2016 11 19 07 34
2016 11 19 07 49
2016 11 19 10 03
2016 11 19 10 06
2016 11 19 10 59
2016 11 19 15 07
2016 11 19 16 12
2016 11 19 16 32
2016 11 19 23 49
2016 11 20 00 36
2016 11 20 02 55
2016 11 20 03 06
2016 11 20 06 18
2016 11 20 11 38
2016 11 20 11 42
2016 11 20 12 12
2016 11 20 12 51
2016 11 20 13 42
2016 11 20 14 45
2016 11 20 17 03
2016 11 20 17 42
2016 11 20 19 24
2016 11 20 21 40
2016 11 20 22 01
2016 11 21 02 21
2016 11 21 02 44
2016 11 21 04 46
2016 11 21 05 26
2016 11 21 06 11
2016 11 21 07 52
2016 11 21 10 42
2016 11 21 10 55
2016 11 21 11 12
2016 11 21 12 11
2016 11 21 15 34
2016 11 21 16 50
2016 11 21 17 27
2016 11 21 17 56
2016 11 21 21 06
2016 11 21 22 27
2016 11 22 00 40
2016 11 22 01 45
2016 11 22 13 20
2016 11 22 14 28
2016 11 22 16 31
2016 11 22 18 08
2016 11 22 20 26
2016 11 22 20 31
2016 11 22 22 59
2016 11 23 00 34
2016 11 23 02 18
2016 11 23 06 08
2016 11 23 06 16
2016 11 23 07 05
2016 11 23 16 10
2016 11 23 18 32
2016 11 23 22 56
2016 11 23 23 49
2016 11 24 00 42
2016 11 24 02 27
2016 11 24 07 11
2016 11 24 08 18
2016 11 24 10 14
2016 11 24 11 22
2016 11 24 11 23
2016 11 24 12 07
2016 11 24 12 52
2016 11 24 13 26
2016 11 24 16 05
2016 11 24 18 38
2016 11 24 19 13
2016 11 25 03 48
2016 11 25 04 09
2016 11 25 05 58
2016 11 25 06 18
2016 11 25 06 25
2016 11 25 07 43
2016 11 25 07 57
2016 11 25 09 13
2016 11 25 12 15
2016 11 25 13 27
2016 11 25 14 09
2016 11 25 15 35
2016 11 25 15 37
2016 11 25 17 37
2016 11 25 18 02
2016 11 25 19 49
2016 11 25 21 03
2016 11 25 21 34
2016 11 25 22 03
2016 11 25 23 32
2016 11 25 23 41
2016 11 26 01 28
2016 11 26 03 54
2016 11 26 04 13
2016 11 26 04 30
2016 11 26 09 16
2016 11 26 13 33
2016 11 26 13 36
2016 11 26 13 55
2016 11 26 14 14
2016 11 26 17 43
2016 11 26 19 04
2016 11 26 20 30
2016 11 26 21 34
2016 11 26 22 01
2016 11 26 22 47
2016 11 26 22 58
2016 11 27 01 07
2016 11 27 01 35
2016 11 27 02 27
2016 11 27 02 49
2016 11 27 04 57
2016 11 27 05 01
2016 11 27 05 02
2016 11 27 06 43
2016 11 27 08 15
2016 11 27 09 44
2016 11 27 11 53
2016 11 27 14 48
2016 11 27 17 59
2016 11 27 18 54
2016 11 27 19 55
2016 11 27 22 09
2016 11 27 22 18
2016 11 28 01 00
2016 11 28 02 15
2016 11 28 02 17
2016 11 28 03 50
2016 11 28 04 23
2016 11 28 05 23
2016 11 28 05 46
2016 11 28 05 52
2016 11 28 05 56
2016 11 28 08 26
2016 11 28 11 06
2016 11 28 11 25
2016 11 28 12 44
2016 11 28 13 32
2016 11 28 14 30
2016 11 28 15 21
2016 11 28 17 57
2016 11 28 23 01
2016 12 01 03 29
2016 12 01 09 58
2016 12 01 10 36
2016 12 01 11 35
2016 12 01 21 32
2016 12 01 23 56
2016 12 02 00 54
2016 12 02 02 25
2016 12 02 03 58
2016 12 02 04 51
2016 12 02 05 01
2016 12 02 06 13
2016 12 02 07 37
2016 12 02 07 59
2016 12 02 13 26
2016 12 02 19 45
2016 12 02 20 12
2016 12 02 22 04
2016 12 03 01 46
2016 12 03 11 00
2016 12 03 11 30
2016 12 03 13 24
2016 12 03 18 00
2016 12 03 21 04
2016 12 04 01 43
2016 12 04 07 11
2016 12 04 07 14
2016 12 04 07 25
2016 12 04 08 09
2016 12 04 08 27
2016 12 04 09 44
2016 12 04 10 38
2016 12 04 10 45
2016 12 04 11 48
2016 12 04 14 01
2016 12 04 16 38
2016 12 04 17 14
2016 12 04 17 20
2016 12 04 23 00
2016 12 04 23 29
2016 12 05 00 58
2016 12 05 01 12
2016 12 05 02 52
2016 12 05 04 23
2016 12 05 06 07
2016 12 05 06 12
2016 12 05 06 26
2016 12 05 07 58
2016 12 05 08 05
2016 12 05 10 04
2016 12 05 11 03
2016 12 05 14 14
2016 12 05 15 36
2016 12 05 16 56
2016 12 05 17 08
2016 12 05 17 20
2016 12 05 19 08
2016 12 05 22 16
2016 12 05 23 51
2016 12 05 23 59
2016 12 06 01 11
2016 12 06 01 40
2016 12 06 02 03
2016 12 06 03 58
2016 12 06 03 59
2016 12 06 05 41
2016 12 06 06 11
2016 12 06 06 49
2016 12 06 07 40
2016 12 06 12 21
2016 12 06 13 23
2016 12 06 13 37
2016 12 06 15 05
2016 12 06 17 08
2016 12 06 18 12
2016 12 06 18 18
2016 12 06 21 02
2016 12 06 22 05
2016 12 06 22 32
2016 12 06 22 36
2016 12 07 00 53
2016 12 07 03 34
2016 12 07 04 11
2016 12 07 06 02
2016 12 07 06 21
2016 12 07 09 11
2016 12 07 09 51
2016 12 07 09 53
2016 12 07 10 01
2016 12 07 10 25
2016 12 07 16 14
2016 12 07 16 18
2016 12 07 17 37
2016 12 08 00 29
2016 12 08 02 32
2016 12 08 02 59
2016 12 08 05 01
2016 12 08 06 05
2016 12 08 06 36
2016 12 08 10 53
2016 12 08 13 02
2016 12 08 13 38
2016 12 08 15 16
2016 12 08 16 14
2016 12 08 20 53
2016 12 08 21 20
2016 12 08 22 06
2016 12 08 22 28
2016 12 09 04 03
2016 12 09 05 53
2016 12 09 06 39
2016 12 09 07 28
2016 12 09 08 05
2016 12 09 10 57
2016 12 09 11 13
2016 12 09 13 40
2016 12 09 13 45
2016 12 09 16 12
2016 12 09 19 12
2016 12 09 21 07
2016 12 10 00 50
2016 12 10 03 00
2016 12 10 03 05
2016 12 10 03 47
2016 12 10 04 08
2016 12 10 04 41
2016 12 10 07 36
2016 12 10 10 41
2016 12 10 16 15
2016 12 10 18 01
2016 12 10 19 57
2016 12 10 20 26
2016 12 10 21 13
2016 12 10 23 40
2016 12 10 23 56
2016 12 11 00 39
2016 12 11 05 49
2016 12 11 06 27
2016 12 11 08 04
2016 12 11 11 53
2016 12 11 13 02
2016 12 11 13 15
2016 12 11 15 02
2016 12 11 15 28
2016 12 11 17 07
2016 12 11 17 08
2016 12 11 17 18
2016 12 11 22 04
2016 12 11 23 58
2016 12 12 05 58
2016 12 12 06 49
2016 12 12 10 34
2016 12 12 14 22
2016 12 12 14 45
2016 12 12 16 12
2016 12 12 17 04
2016 12 12 21 37
2016 12 12 22 33
2016 12 13 02 27
2016 12 13 03 51
2016 12 13 04 40
2016 12 13 07 11
2016 12 13 11 18
2016 12 13 12 52
2016 12 13 13 29
2016 12 13 15 20
2016 12 13 16 13
2016 12 13 17 04
2016 12 13 19 40
2016 12 13 21 55
2016 12 13 22 22
2016 12 14 01 41
2016 12 14 02 04
2016 12 14 02 48
2016 12 14 03 50
2016 12 14 05 55
2016 12 14 06 50
2016 12 14 06 58
2016 12 14 07 05
2016 12 14 08 16
2016 12 14 11 36
2016 12 14 16 55
2016 12 14 20 45
2016 12 14 21 47
2016 12 14 23 09
2016 12 15 01 23
2016 12 15 03 41
2016 12 15 03 47
2016 12 15 09 27
2016 12 15 10 14
2016 12 15 12 09
2016 12 15 14 43
2016 12 15 16 30
2016 12 15 17 37
2016 12 15 18 03
2016 12 15 19 48
2016 12 16 00 18
2016 12 16 02 17
2016 12 16 02 30
2016 12 16 02 33
2016 12 16 02 49
2016 12 16 03 53
2016 12 16 06 50
2016 12 16 07 00
2016 12 16 07 30
2016 12 16 10 10
2016 12 16 11 06
2016 12 16 12 41
2016 12 16 12 46
2016 12 16 14 54
2016 12 16 15 02
2016 12 16 15 54
2016 12 16 16 27
2016 12 16 16 40
2016 12 16 19 01
2016 12 16 21 05
2016 12 16 21 25
2016 12 16 23 31
2016 12 17 00 02
2016 12 17 03 46
2016 12 17 05 58
2016 12 17 06 40
2016 12 17 09 24
2016 12 17 10 26
2016 12 17 10 32
2016 12 17 10 44
2016 12 17 10 46
2016 12 17 11 06
2016 12 17 13 53
2016 12 17 15 54
2016 12 17 16 12
2016 12 17 16 23
2016 12 17 16 26
2016 12 17 21 28
2016 12 17 21 48
2016 12 17 22 02
2016 12 17 22 27
2016 12 18 00 51
2016 12 18 01 23
2016 12 18 01 44
2016 12 18 02 38
2016 12 18 04 45
2016 12 18 04 55
2016 12 18 05 32
2016 12 18 05 37
2016 12 18 06 11
2016 12 18 06 26
2016 12 18 07 16
2016 12 18 08 55
2016 12 18 12 59
2016 12 18 13 20
2016 12 18 14 35
2016 12 18 16 00
2016 12 18 16 23
2016 12 18 18 21
2016 12 18 18 25
2016 12 18 20 43
2016 12 18 21 12
2016 12 18 22 39
2016 12 18 23 43
2016 12 18 23 46
2016 12 19 00 35
2016 12 19 00 37
2016 12 19 04 10
2016 12 19 05 15
2016 12 19 10 21
2016 12 19 12 07
2016 12 19 12 23
2016 12 19 12 30
2016 12 19 13 22
2016 12 19 13 31
2016 12 19 14 24
2016 12 19 14 33
2016 12 19 16 06
2016 12 19 16 55
2016 12 19 17 56
2016 12 19 19 24
2016 12 19 22 30
2016 12 19 22 59
2016 12 20 03 58
2016 12 20 04 15
2016 12 20 04 26
2016 12 20 06 00
2016 12 20 06 39
2016 12 20 08 17
2016 12 20 13 37
2016 12 20 14 55
2016 12 20 16 22
2016 12 20 18 25
2016 12 20 20 09
2016 12 21 00 33
2016 12 21 01 44
2016 12 21 05 01
2016 12 21 07 38
2016 12 21 08 12
2016 12 21 08 31
2016 12 21 09 15
2016 12 21 09 39
2016 12 21 11 31
2016 12 21 11 54
2016 12 21 12 45
2016 12 21 14 49
2016 12 21 18 01
2016 12 21 19 09
2016 12 21 19 30
2016 12 21 22 55
2016 12 21 23 15
2016 12 21 23 42
2016 12 22 00 47
2016 12 22 01 17
2016 12 22 03 02
2016 12 22 03 31
2016 12 22 03 49
2016 12 22 04 22
2016 12 22 04 31
2016 12 22 06 47
2016 12 22 09 30
2016 12 22 12 32
2016 12 22 12 58
2016 12 22 15 29
2016 12 22 17 33
2016 12 22 17 44
2016 12 22 22 26
2016 12 22 23 03
2016 12 23 00 53
2016 12 23 02 07
2016 12 23 02 20
2016 12 23 06 12
2016 12 23 06 46
2016 12 23 10 50
2016 12 23 10 53
2016 12 23 11 46
2016 12 23 12 15
2016 12 23 12 17
2016 12 23 12 26
2016 12 23 16 26
2016 12 23 21 21
2016 12 23 21 50
2016 12 24 06 29
2016 12 24 06 35
2016 12 24 10 56
2016 12 24 13 11
2016 12 24 14 56
2016 12 24 17 19
2016 12 24 21 23
2016 12 24 22 28
2016 12 25 00 43
2016 12 25 02 16
2016 12 25 05 11
2016 12 25 05 33
2016 12 25 07 46
2016 12 25 08 03
2016 12 25 09 06
2016 12 25 10 37
2016 12 25 10 47
2016 12 25 11 49
2016 12 25 12 55
2016 12 25 16 41
2016 12 25 19 25
2016 12 25 22 20
2016 12 26 01 01
2016 12 26 03 47
2016 12 26 05 24
2016 12 26 06 29
2016 12 26 11 10
2016 12 26 11 49
2016 12 26 12 25
2016 12 26 14 01
2016 12 26 15 25
2016 12 26 19 43
2016 12 26 20 58
2016 12 26 22 50
2016 12 27 00 14
2016 12 27 00 31
2016 12 27 00 36
2016 12 27 01 52
2016 12 27 03 50
2016 12 27 06 03
2016 12 27 07 00
2016 12 27 07 30
2016 12 27 11 57
2016 12 27 13 23
2016 12 27 16 07
2016 12 27 19 19
2016 12 27 20 40
2016 12 28 00 40
2016 12 28 01 41
2016 12 28 02 37
2016 12 28 03 31
2016 12 28 05 28
2016 12 28 07 38
2016 12 28 09 35
2016 12 28 13 17
2016 12 28 14 26
2016 12 28 14 27
2016 12 28 19 50
