2016 01 05 18 45
2016 01 13 09 41
2016 02 04 23 52
2016 02 20 16 29
2016 03 15 08 12
2016 03 23 17 15
2016 04 02 07 45
2016 04 08 03 35
2016 04 17 06 33
2016 04 19 05 30
2016 05 12 16 08
2016 05 17 20 11
2016 05 22 05 50
2016 05 25 21 45
2016 06 03 23 32
2016 06 10 04 33
2016 07 05 11 26
2016 07 09 18 02
2016 07 12 11 33
2016 07 13 13 08
2016 07 19 17 29
2016 07 23 05 21
2016 08 09 22 19
2016 08 25 10 40
2016 09 01 21 52
2016 10 13 04 20
2016 11 01 10 37
2016 11 12 11 45
2016 12 02 09 54
2016 12 05 22 38
